// Experience Tables [Custom]
// Supports up to base level 1000 and job level 255
// Uncomment the rows below, enter the max level you want and replace "x" by the list of classes 
// you want these to apply to. You can also write your own exp requirements.
//
// Structure of Database:
// Max Level,Class list,Type,Exp for Lv 1,2,3,4,5,6,7,8,9,10,11,12,13,14,15,16,17,18,19,20,21,22,23,24,25,26,27,28,29,30,31,32,33,34,35,36,37,38,39,40,41,42,43,44,45,46,47,48,49,50,51,52,53,54,55,56,57,58,59,60,61,62,63,64,65,66,67,68,69,70,71,72,73,74,75,76,77,78,79,80,81,82,83,84,85,86,87,88,89,90,91,92,93,94,95,96,97,98,99,100,101,102,103,104,105,106,107,108,109,110,111,112,113,114,115,116,117,118,119,120,121,122,123,124,125,126,127,128,129,130,131,132,133,134,135,136,137,138,139,140,141,142,143,144,145,146,147,148,149,150,151,152,153,154,155,156,157,158,159,160,161,162,163,164,165,166,167,168,169,170,171,172,173,174,175,176,177,178,179,180,181,182,183,184,185,186,187,188,189,190,191,192,193,194,195,196,197,198,199,200,201,202,203,204,205,206,207,208,209,210,211,212,213,214,215,216,217,218,219,220,221,222,223,224,225,226,227,228,229,230,231,232,233,234,235,236,237,238,239,240,241,242,243,244,245,246,247,248,249,250,251,252,253,254,255
//
// Type:
//	0 = Base Exp, 1 = Job Exp

//Base - Normal and Baby Jobs
99,0:1:2:3:4:5:6:7:8:9:10:11:12:13:14:15:16:17:18:19:20:21:23:24:25:4023:4024:4025:4026:4027:4028:4029:4030:4031:4032:4033:4034:4035:4036:4037:4038:4039:4040:4041:4042:4043:4044:4045:4046:4047:4048:4049:4050:4051:4052,0,550,900,1500,2200,3200,3800,4200,4550,5000,5500,6000,6100,6350,6700,7350,8000,8400,8800,9200,9700,10300,11000,11800,13000,14000,15000,16000,17000,18000,19000,20000,21000,22000,23200,24000,26000,27500,29000,30000,31500,33000,34000,36000,37500,38000,40000,42000,44500,47000,49000,51000,53000,55000,57000,59000,61500,63000,65000,67000,69000,70000,73000,77000,80000,84000,88000,91000,95000,110000,128000,140000,155000,163000,170000,180000,188000,195000,200000,230000,260000,300000,350000,400000,480000,550000,600000,680000,750000,900000,1000000,1200000,1500000,1800000,2100000,2400000,2800000,3300000,4000000,99999999

//Base - Adv Jobs
99,4001:4002:4003:4004:4005:4006:4007:4008:4009:4010:4011:4012:4013:4014:4015:4016:4017:4018:4019:4020:4021:4022,0,660,1080,1800,2640,3840,4560,5040,5460,6000,6600,7200,7320,7620,8040,8820,9600,10080,10560,11040,12610,13390,14300,15340,16900,18460,19500,20800,22100,23400,24700,26000,27300,28600,30160,31200,33800,35750,37700,39000,44100,46200,47600,50400,52500,53200,56000,58800,62300,65800,68600,71400,74200,77000,79800,82600,86100,88200,91000,93800,103500,105000,109500,115500,120000,126000,132000,136500,142500,165000,192000,210000,232500,244500,255000,270000,282000,292500,300000,345000,416000,480000,560000,640000,768000,880000,960000,1088000,1200000,1440000,1700000,2040000,2550000,3060000,3570000,4080000,4760000,5610000,6800000,99999999

//Base - 3rd Jobs, Baby 3rds, Summoner
//Note: (First 98 values [Level 1 - 98] are only used by Summoner Class, because 3rd classes start at level 99.)
255,4054:4055:4056:4057:4058:4059:4060:4061:4062:4063:4064:4065:4066:4067:4068:4069:4070:4071:4072:4073:4074:4075:4076:4077:4078:4079:4080:4081:4082:4083:4084:4085:4086:4087:4096:4097:4098:4099:4100:4101:4102:4103:4104:4105:4106:4107:4108:4109:4110:4111:4112:4218,0,55,90,150,220,320,380,420,455,500,600,700,800,900,1000,1100,1200,1300,1400,1500,1800,2100,2400,2700,3000,3300,3600,3900,4200,4500,5400,6300,7200,8100,9000,9900,10800,11700,12600,13500,16200,18900,21600,24300,27000,29700,32400,35100,37800,40500,43200,45900,48600,51300,54000,56700,59400,62100,64800,67500,75600,83700,91800,99900,108000,116100,124200,132300,140400,165000,192000,210000,232500,244500,255000,270000,282000,292500,300000,345000,416000,480000,560000,640000,768000,880000,960000,1088000,1200000,1440000,1700000,2040000,2550000,3060000,3570000,4080000,4760000,5610000,6800000,7070000,7400000,7770000,8150000,8550000,9100000,9610000,10150000,10570000,11180000,12000000,12200000,12930000,13150000,14030000,14420000,15420000,15670000,16870000,17140000,18720000,19020000,20590000,20930000,22690000,23310000,25290000,26020000,27860000,28535000,30990000,31680000,33560000,34942000,36372000,38350000,39890000,41545000,43330000,45400000,48100000,50410000,53370000,56250000,59230000,62590000,66120000,70200000,75330000,81100000,95000000,98000000,103000000,107000000,112000000,116000000,121000000,125000000,130000000,134000000,139000000,145000000,152200000,160840000,171200000,191930000,202290000,214720000,229640000,247550000,283370000,301280000,322770000,348560000,379500000,441390000,99999999,200600004,201201804,201805416,202410828,203018068,203627122,204238004,204850718,205465276,206081680,206699928,207320040,207941996,208565830,209191524,209819098,210448564,211079910,211713148,212348294,212985336,213624304,214265180,214907984,215552712,216199366,216847962,217498516,218151012,218805464,219461892,220120278,220780636,221442986,222107324,222773654,223441972,224112298,224784644,225458998,226135372,226813786,227494238,228176726,228861254,229547836,230236488,230927194,231619986,232314848,233011796,292138540,293014960,293894010,294775687,295660012,296547005,297436645,298328955,299223952,300121637,301022010,301925070,302830860,303739357,304650582,305564537,306481240,307400690,308322887,309247855,310175610,311106132,312039462,312975582,313914512,314856270,315800855,316748267,317698510,318651620,319607580,320566407,321528105,322492690,323460162,324430545,325403837,326380057,327359205,328341282,329326310,330314305,331305247,332299162,333296062,334295955,335298852,336304762,337313680,338325627,425323396,426599395,427879217,429162859,430450373,431741711,433036968,434336099,435639102,436946028,438256875,439571644,440890387,442213049,443539688,444870297,446204930,447543532,448886161,450232810,451583536,452938282,454297102,455659995,457026961,458398051,459773262,461152599,462536060,463923692,465315450,466711379,468111535,469515862,470924416,472337190,473754192,475175467,476601014,478030837,479464935,480903357,482346053,483793126,485244520,486700242,488160335,489624805,491093700,492566972,494044665,495526786,497013382,498504452,500000000


//Base - Expanded Super Novice, Expanded Super Baby, Oboro/Kagerou, & Rebellion
255,4190:4191:4211:4212:4215,0,660,1080,1800,2640,3840,4560,5040,5460,6000,6600,7200,7320,7620,8040,8820,9600,10080,10560,11040,12610,13390,14300,15340,16900,18460,19500,20800,22100,23400,24700,26000,27300,28600,30160,31200,33800,35750,37700,39000,44100,46200,47600,50400,52500,53200,56000,58800,62300,65800,68600,71400,74200,77000,79800,82600,86100,88200,91000,93800,103500,105000,109500,115500,120000,126000,132000,136500,142500,165000,192000,210000,232500,244500,255000,270000,282000,292500,300000,345000,416000,480000,560000,640000,768000,880000,960000,1088000,1200000,1440000,1700000,2040000,2550000,3060000,3570000,4080000,4760000,5610000,6800000,7070000,7400000,7770000,8150000,8550000,9100000,9610000,10150000,10570000,11180000,12000000,12200000,12930000,13150000,14030000,14420000,15420000,15670000,16870000,17140000,18720000,19020000,20590000,20930000,22690000,23310000,25290000,26020000,27860000,28535000,30990000,31680000,33560000,34942000,36372000,38350000,39890000,41545000,43330000,45400000,48100000,50410000,53370000,56250000,59230000,62590000,66120000,70200000,75330000,81100000,95000000,98000000,103000000,107000000,112000000,116000000,121000000,125000000,130000000,134000000,139000000,145000000,152200000,160840000,171200000,191930000,202290000,214720000,229640000,247550000,283370000,301280000,322770000,348560000,379500000,441390000,99999999,200600004,201201804,201805416,202410828,203018068,203627122,204238004,204850718,205465276,206081680,206699928,207320040,207941996,208565830,209191524,209819098,210448564,211079910,211713148,212348294,212985336,213624304,214265180,214907984,215552712,216199366,216847962,217498516,218151012,218805464,219461892,220120278,220780636,221442986,222107324,222773654,223441972,224112298,224784644,225458998,226135372,226813786,227494238,228176726,228861254,229547836,230236488,230927194,231619986,232314848,233011796,292138540,293014960,293894010,294775687,295660012,296547005,297436645,298328955,299223952,300121637,301022010,301925070,302830860,303739357,304650582,305564537,306481240,307400690,308322887,309247855,310175610,311106132,312039462,312975582,313914512,314856270,315800855,316748267,317698510,318651620,319607580,320566407,321528105,322492690,323460162,324430545,325403837,326380057,327359205,328341282,329326310,330314305,331305247,332299162,333296062,334295955,335298852,336304762,337313680,338325627,425323396,426599395,427879217,429162859,430450373,431741711,433036968,434336099,435639102,436946028,438256875,439571644,440890387,442213049,443539688,444870297,446204930,447543532,448886161,450232810,451583536,452938282,454297102,455659995,457026961,458398051,459773262,461152599,462536060,463923692,465315450,466711379,468111535,469515862,470924416,472337190,473754192,475175467,476601014,478030837,479464935,480903357,482346053,483793126,485244520,486700242,488160335,489624805,491093700,492566972,494044665,495526786,497013382,498504452,500000000

//Job - Taekwon, Soul Linker
120,4046:4049,1,60,3800,6200,10400,15200,22900,27100,30000,32500,35700,41300,45000,45800,47600,50300,58700,63900,67100,70300,73500,90600,96200,102700,110200,121400,144700,152900,163100,173300,183500,213500,224700,236000,247200,260700,299800,324800,343600,362300,374800,474400,497000,512100,542200,564800,644300,678200,712100,754500,796900,949300,988100,1026800,1065600,1104300,1334800,1391400,1425300,1470600,1515800,2003800,2032800,2119900,2236100,2323200,3025300,3433300,3776600,4436900,6758400,6825984,6894243,6963186,7032818,7103146,7174177,7245919,7318378,7391562,7465478,7614787,7767083,7922425,8080873,8242491,8407340,8575487,8746997,8921937,9100376,9373387,9654589,9944226,10242553,10549830,10866325,11192314,11528084,11873926,12230144,12719350,13228124,13757249,14307539,14879841,15475034,16094036,16737797,17407309,18103601,19008781,19959220,20957181,22005041,23105293,24260557,25473585,26747264,28084628,30000000

//Job - Novice & Baby Novice
10,0:4023,1,10,18,28,40,91,151,205,268,340,580

//Job - 1st Classes & Baby 1st Classes, Taekwon
50,1:2:3:4:5:6:4024:4025:4026:4027:4028:4029:4046:4050,1,60,130,260,460,780,1060,1300,1560,1910,2290,2680,2990,3340,3740,4360,4970,5530,6120,6700,8090,8920,9970,11080,12690,14440,15850,17400,19220,21060,22870,24910,26840,29080,31320,33300,37110,40500,43570,46180,53510,57200,60310,65690,70090,72130,77540,83320,90120,97180,250000

//Job - 2nd Classes & Baby 2nd Classes, Soul Linker
120,7:8:9:10:11:12:13:14:15:16:17:18:19:20:21:4030:4031:4032:4033:4034:4035:4036:4037:4038:4039:4040:4041:4042:4043:4044:4049:4051:4052,1,60,3800,6200,10400,15200,22900,27100,30000,32500,35700,41300,45000,45800,47600,50300,58700,63900,67100,70300,73500,90600,96200,102700,110200,121400,144700,152900,163100,173300,183500,213500,224700,236000,247200,260700,299800,324800,343600,362300,374800,474400,497000,512100,542200,564800,644300,678200,712100,754500,796900,949300,988100,1026800,1065600,1104300,1334800,1391400,1425300,1470600,1515800,2003800,2032800,2119900,2236100,2323200,3025300,3433300,3776600,4436900,6758400,6825984,6894243,6963186,7032818,7103146,7174177,7245919,7318378,7391562,7465478,7614787,7767083,7922425,8080873,8242491,8407340,8575487,8746997,8921937,9100376,9373387,9654589,9944226,10242553,10549830,10866325,11192314,11528084,11873926,12230144,12719350,13228124,13757249,14307539,14879841,15475034,16094036,16737797,17407309,18103601,19008781,19959220,20957181,22005041,23105293,24260557,25473585,26747264,28084628,30000000

//Job - Novice High
10,4001,1,11,20,31,44,100,166,226,295,374,1000

//Job - Adv First Classes
50,4002:4003:4004:4005:4006:4007,1,100,200,350,550,800,1100,1450,1850,2300,2800,3350,3950,4600,5300,6050,6850,7700,8600,9550,10550,11600,12700,13850,15050,16300,17600,18950,20350,21800,23300,24850,26450,28100,29800,31550,33350,35200,37100,39050,41050,43100,45200,47350,49550,51800,54100,56450,58850,61300,250000

//Job - Adv Second Classes
70,4008:4009:4010:4011:4012:4013:4014:4015:4016:4017:4018:4019:4020:4021:4022,1,60,3800,6200,10400,15200,22900,27100,30000,32500,35700,41300,45000,45800,47600,50300,58700,63900,67100,70300,73500,90600,96200,102700,110200,121400,144700,152900,163100,173300,183500,213500,224700,236000,247200,260700,299800,324800,343600,362300,374800,474400,497000,512100,542200,564800,644300,678200,712100,754500,796900,873100,911900,950600,989400,1028100,1143300,1199900,1233800,1279100,1324300,1486900,1515900,1603000,1719200,1806300,2040300,2244300,2415900,2746000,3326000,450000

//Job - 3rd Jobs & Baby 3rds
120,4054:4055:4056:4057:4058:4059:4060:4061:4062:4063:4064:4065:4066:4067:4068:4069:4070:4071:4072:4073:4074:4075:4076:4077:4078:4079:4080:4081:4082:4083:4084:4085:4086:4087:4096:4097:4098:4099:4100:4101:4102:4103:4104:4105:4106:4107:4108:4109:4110:4111:4112,1,60,3800,6200,10400,15200,22900,27100,30000,32500,35700,41300,45000,45800,47600,50300,58700,63900,67100,70300,73500,90600,96200,102700,110200,121400,144700,152900,163100,173300,183500,213500,224700,236000,247200,260700,299800,324800,343600,362300,374800,474400,497000,512100,542200,564800,644300,678200,712100,754500,796900,949300,988100,1026800,1065600,1104300,1334800,1391400,1425300,1470600,1515800,2003800,2032800,2119900,2236100,2323200,3025300,3433300,3776600,4436900,6758400,6825984,6894243,6963186,7032818,7103146,7174177,7245919,7318378,7391562,7465478,7614787,7767083,7922425,8080873,8242491,8407340,8575487,8746997,8921937,9100376,9373387,9654589,9944226,10242553,10549830,10866325,11192314,11528084,11873926,12230144,12719350,13228124,13757249,14307539,14879841,15475034,16094036,16737797,17407309,18103601,19008781,19959220,20957181,22005041,23105293,24260557,25473585,26747264,28084628,30000000

//Job - Expanded Super Novice, Expanded Super Baby, Oboro/Kagerou, & Rebellion
120,4190:4191:4211:4212:4215,1,60,3800,6200,10400,15200,22900,27100,30000,32500,35700,41300,45000,45800,47600,50300,58700,63900,67100,70300,73500,90600,96200,102700,110200,121400,144700,152900,163100,173300,183500,213500,224700,236000,247200,260700,299800,324800,343600,362300,374800,474400,497000,512100,542200,564800,644300,678200,712100,754500,796900,949300,988100,1026800,1065600,1104300,1334800,1391400,1425300,1470600,1515800,2003800,2032800,2119900,2236100,2323200,3025300,3433300,3776600,4436900,6758400,6825984,6894243,6963186,7032818,7103146,7174177,7245919,7318378,7391562,7465478,7614787,7767083,7922425,8080873,8242491,8407340,8575487,8746997,8921937,9100376,9373387,9654589,9944226,10242553,10549830,10866325,11192314,11528084,11873926,12230144,12719350,13228124,13757249,14307539,14879841,15475034,16094036,16737797,17407309,18103601,19008781,19959220,20957181,22005041,23105293,24260557,25473585,26747264,28084628,30000000

//Job - Ninja/Gunslinger
120,24:25,1,60,3800,6200,10400,15200,22900,27100,30000,32500,35700,41300,45000,45800,47600,50300,58700,63900,67100,70300,73500,90600,96200,102700,110200,121400,144700,152900,163100,173300,183500,213500,224700,236000,247200,260700,299800,324800,343600,362300,374800,474400,497000,512100,542200,564800,644300,678200,712100,754500,796900,949300,988100,1026800,1065600,1104300,1334800,1391400,1425300,1470600,1515800,2003800,2032800,2119900,2236100,2323200,3025300,3433300,3776600,4436900,6758400,6825984,6894243,6963186,7032818,7103146,7174177,7245919,7318378,7391562,7465478,7614787,7767083,7922425,8080873,8242491,8407340,8575487,8746997,8921937,9100376,9373387,9654589,9944226,10242553,10549830,10866325,11192314,11528084,11873926,12230144,12719350,13228124,13757249,14307539,14879841,15475034,16094036,16737797,17407309,18103601,19008781,19959220,20957181,22005041,23105293,24260557,25473585,26747264,28084628,30000000

//Job - Star Gladiator
120,4047:4048,1,60,3800,6200,10400,15200,22900,27100,30000,32500,35700,41300,45000,45800,47600,50300,58700,63900,67100,70300,73500,90600,96200,102700,110200,121400,144700,152900,163100,173300,183500,213500,224700,236000,247200,260700,299800,324800,343600,362300,374800,474400,497000,512100,542200,564800,644300,678200,712100,754500,796900,949300,988100,1026800,1065600,1104300,1334800,1391400,1425300,1470600,1515800,2003800,2032800,2119900,2236100,2323200,3025300,3433300,3776600,4436900,6758400,6825984,6894243,6963186,7032818,7103146,7174177,7245919,7318378,7391562,7465478,7614787,7767083,7922425,8080873,8242491,8407340,8575487,8746997,8921937,9100376,9373387,9654589,9944226,10242553,10549830,10866325,11192314,11528084,11873926,12230144,12719350,13228124,13757249,14307539,14879841,15475034,16094036,16737797,17407309,18103601,19008781,19959220,20957181,22005041,23105293,24260557,25473585,26747264,28084628,30000000

//Job - Super Novice & Baby Super Novice
120,23:4045,1,60,3800,6200,10400,15200,22900,27100,30000,32500,35700,41300,45000,45800,47600,50300,58700,63900,67100,70300,73500,90600,96200,102700,110200,121400,144700,152900,163100,173300,183500,213500,224700,236000,247200,260700,299800,324800,343600,362300,374800,474400,497000,512100,542200,564800,644300,678200,712100,754500,796900,949300,988100,1026800,1065600,1104300,1334800,1391400,1425300,1470600,1515800,2003800,2032800,2119900,2236100,2323200,3025300,3433300,3776600,4436900,6758400,6825984,6894243,6963186,7032818,7103146,7174177,7245919,7318378,7391562,7465478,7614787,7767083,7922425,8080873,8242491,8407340,8575487,8746997,8921937,9100376,9373387,9654589,9944226,10242553,10549830,10866325,11192314,11528084,11873926,12230144,12719350,13228124,13757249,14307539,14879841,15475034,16094036,16737797,17407309,18103601,19008781,19959220,20957181,22005041,23105293,24260557,25473585,26747264,28084628,30000000

//Job - Summoner
120,4218,1,60,3800,6200,10400,15200,22900,27100,30000,32500,35700,41300,45000,45800,47600,50300,58700,63900,67100,70300,73500,90600,96200,102700,110200,121400,144700,152900,163100,173300,183500,213500,224700,236000,247200,260700,299800,324800,343600,362300,374800,474400,497000,512100,542200,564800,644300,678200,712100,754500,796900,949300,988100,1026800,1065600,1104300,1334800,1391400,1425300,1470600,1515800,2003800,2032800,2119900,2236100,2323200,3025300,3433300,3776600,4436900,6758400,6825984,6894243,6963186,7032818,7103146,7174177,7245919,7318378,7391562,7465478,7614787,7767083,7922425,8080873,8242491,8407340,8575487,8746997,8921937,9100376,9373387,9654589,9944226,10242553,10549830,10866325,11192314,11528084,11873926,12230144,12719350,13228124,13757249,14307539,14879841,15475034,16094036,16737797,17407309,18103601,19008781,19959220,20957181,22005041,23105293,24260557,25473585,26747264,28084628,30000000