48
51
54
57
60
64
68
72
76
80
85
90
95
100
105
111
117
123
129
135
142
149
156
163
170
178
186
194
202
210
219
228
237
246
255
265
275
285
295
305
316
327
338
349
360
372
384
396
408
420
433
446
459
472
485
499
513
527
541
555
570
585
600
615
630
646
662
678
694
710
727
744
761
778
795
813
831
849
867
885
904
923
942
961
980
1000
1020
1040
1060
1080
1101
1122
1143
1164
1185
1207
1229
1251
1273
1295
1318
1341
1364
1387
1410
1433
1456
1479
1502
1525
1549
1573
1597
1621
1645
1669
1693
1717
1741
1765
1790
1815
1840
1865
1890
1915
1940
1965
1990
2015
2041
2067
2093
2119
2145
2171
2197
2223
2249
2275
2302
2329
2356
2383
2410
2437
2464
2491
2518
2545
2573
2601
2629
2657
2685
2713
2741
2770
2799
2828
2857
2886
2915
2944
2974
3004
3034
3064
3094
3124
3154
3185
3216
3247
3278
3295
3325
3355
3385
3415
3446
3477
3508
3539
3570
3601
3632
3663
3694
3725
3757
3789
3821
3853
3885
3917
3949
3981
4013
4045
4078
4111
4114
4177
4210
4243
4276
4309
4342
4375
4409
4443
4477
4511
4545
4579
4613
4647
4681
4715
4750
4785
4820
4855
4890
4925
4960
5030
5065
5100
5136
5172
5208
5244
5280
5316
5352
5388
5424
5460
5497
5537
5571
5608
5645
5682
5719
5793
5830
5868
5906
5944
5982
6020
6058
