// Job-specific Values Database
//
// Structure of Database:
// JobID,Weight,HPFactor,HPMultiplicator,SPFactor,Unarmed,Dagger,1HSword,2HSword,1HSpear,2HSpear,1HAxe,2HAxe,1HMace,2HMace(unused),Rod,Bow,Knuckle,Instrument,Whip,Book,Katar,Revolver,Rifle,Gatling Gun,Shotgun,Grenade Launcher,Fuuma Shuriken,2HStaff,Shield
//
// Novice
0,	20000,0    ,500  ,100  ,440  ,590  ,610  ,2000 ,2000 ,2000 ,540  ,2000 ,540  ,540  ,690  ,2000 ,2000 ,2000 ,2000 ,2000 ,2000 ,2000 ,2000 ,2000 ,2000 ,2000 ,2000 ,690  ,540
// Swordman
1,	28000,70   ,500  ,200  ,440  ,510  ,510  ,580  ,610  ,690  ,590  ,640  ,540  ,540  ,2000 ,2000 ,2000 ,2000 ,2000 ,2000 ,2000 ,2000 ,2000 ,2000 ,2000 ,2000 ,2000 ,2000 ,490
// Magician
2,	22000,30   ,500  ,600  ,540  ,540  ,2000 ,2000 ,2000 ,2000 ,2000 ,2000 ,2000 ,2000 ,590  ,2000 ,2000 ,2000 ,2000 ,2000 ,2000 ,2000 ,2000 ,2000 ,2000 ,2000 ,2000 ,590  ,640
// Archer
3,	26000,50   ,500  ,200  ,440  ,590  ,2000 ,2000 ,2000 ,2000 ,2000 ,2000 ,2000 ,2000 ,2000 ,540  ,2000 ,2000 ,2000 ,2000 ,2000 ,2000 ,2000 ,2000 ,2000 ,2000 ,2000 ,2000 ,530
// Acolyte
4,	24000,40   ,500  ,500  ,440  ,2000 ,2000 ,2000 ,2000 ,2000 ,2000 ,2000 ,490  ,490  ,640  ,2000 ,2000 ,2000 ,2000 ,2000 ,2000 ,2000 ,2000 ,2000 ,2000 ,2000 ,2000 ,640  ,510
// Merchant
5,	28000,40   ,500  ,300  ,440  ,560  ,560  ,2000 ,2000 ,2000 ,520  ,590  ,540  ,540  ,2000 ,2000 ,2000 ,2000 ,2000 ,2000 ,2000 ,2000 ,2000 ,2000 ,2000 ,2000 ,2000 ,2000 ,490
// Thief
6,	24000,50   ,500  ,200  ,440  ,520  ,540  ,2000 ,2000 ,2000 ,640  ,2000 ,2000 ,2000 ,2000 ,570  ,2000 ,2000 ,2000 ,2000 ,2000 ,2000 ,2000 ,2000 ,2000 ,2000 ,2000 ,2000 ,500
// Knight
7,	28000,150  ,500  ,300  ,440  ,530  ,490  ,560  ,590  ,690  ,540  ,590  ,490  ,490  ,2000 ,2000 ,2000 ,2000 ,2000 ,2000 ,2000 ,2000 ,2000 ,2000 ,2000 ,2000 ,2000 ,2000 ,490
// Priest
8,	26000,75   ,500  ,800  ,440  ,2000 ,2000 ,2000 ,2000 ,2000 ,2000 ,2000 ,470  ,470  ,640  ,2000 ,640  ,2000 ,2000 ,480  ,2000 ,2000 ,2000 ,2000 ,2000 ,2000 ,2000 ,640  ,490
// Wizard
9,	24000,55   ,500  ,900  ,540  ,580  ,2000 ,2000 ,2000 ,2000 ,2000 ,2000 ,2000 ,2000 ,570  ,2000 ,2000 ,2000 ,2000 ,2000 ,2000 ,2000 ,2000 ,2000 ,2000 ,2000 ,2000 ,570  ,620
// Blacksmith
10,	30000,90   ,500  ,400  ,440  ,540  ,540  ,2000 ,2000 ,2000 ,500  ,570  ,520  ,520  ,2000 ,2000 ,2000 ,2000 ,2000 ,2000 ,2000 ,2000 ,2000 ,2000 ,2000 ,2000 ,2000 ,2000 ,490
// Hunter
11,	27000,85   ,500  ,400  ,440  ,570  ,2000 ,2000 ,2000 ,2000 ,2000 ,2000 ,2000 ,2000 ,2000 ,520  ,2000 ,2000 ,2000 ,2000 ,2000 ,2000 ,2000 ,2000 ,2000 ,2000 ,2000 ,2000 ,530
// Assassin
12,	24000,110  ,500  ,400  ,440  ,460  ,540  ,2000 ,2000 ,2000 ,550  ,2000 ,2000 ,2000 ,2000 ,2000 ,2000 ,2000 ,2000 ,2000 ,460  ,2000 ,2000 ,2000 ,2000 ,2000 ,2000 ,2000 ,500
// Knight (Peco)
13,	28000,150  ,500  ,300  ,440  ,530  ,490  ,560  ,590  ,690  ,540  ,590  ,490  ,490  ,2000 ,2000 ,2000 ,2000 ,2000 ,2000 ,2000 ,2000 ,2000 ,2000 ,2000 ,2000 ,2000 ,2000 ,490
// Crusader
14,	28000,110  ,700  ,470  ,440  ,520  ,470  ,590  ,570  ,560  ,540  ,590  ,490  ,490  ,2000 ,2000 ,2000 ,2000 ,2000 ,2000 ,2000 ,2000 ,2000 ,2000 ,2000 ,2000 ,2000 ,2000 ,490
// Monk
15,	26000,90   ,650  ,470  ,440  ,2000 ,2000 ,2000 ,2000 ,2000 ,2000 ,2000 ,470  ,470  ,640  ,2000 ,440  ,2000 ,2000 ,2000 ,2000 ,2000 ,2000 ,2000 ,2000 ,2000 ,2000 ,620  ,490
// Sage
16,	24000,75   ,500  ,700  ,490  ,570  ,2000 ,2000 ,2000 ,2000 ,2000 ,2000 ,2000 ,2000 ,590  ,2000 ,2000 ,2000 ,2000 ,470  ,2000 ,2000 ,2000 ,2000 ,2000 ,2000 ,2000 ,590  ,590
// Rogue
17,	24000,85   ,500  ,500  ,440  ,490  ,540  ,2000 ,2000 ,2000 ,2030 ,2000 ,2000 ,2000 ,2000 ,540  ,2000 ,2000 ,2000 ,2000 ,2000 ,2000 ,2000 ,2000 ,2000 ,2000 ,2000 ,2000 ,490
// Alchemist
18,	30000,90   ,500  ,400  ,440  ,540  ,490  ,2000 ,2000 ,2000 ,490  ,560  ,490  ,490  ,2000 ,2000 ,2000 ,2000 ,2000 ,2000 ,2000 ,2000 ,2000 ,2000 ,2000 ,2000 ,2000 ,2000 ,480
// Bard
19,	27000,75   ,300  ,600  ,440  ,570  ,2000 ,2000 ,2000 ,2000 ,2000 ,2000 ,2000 ,2000 ,2000 ,520  ,2000 ,490  ,2000 ,2000 ,2000 ,2000 ,2000 ,2000 ,2000 ,2000 ,2000 ,2000 ,510
// Dancer
20,	27000,75   ,300  ,600  ,400  ,530  ,2000 ,2000 ,2000 ,2000 ,2000 ,2000 ,2000 ,2000 ,2000 ,480  ,2000 ,2000 ,450  ,2000 ,2000 ,2000 ,2000 ,2000 ,2000 ,2000 ,2000 ,2000 ,470
// Crusader (Peco)
21,	28000,110  ,700  ,470  ,440  ,520  ,470  ,590  ,570  ,560  ,540  ,590  ,490  ,490  ,2000 ,2000 ,2000 ,2000 ,2000 ,2000 ,2000 ,2000 ,2000 ,2000 ,2000 ,2000 ,2000 ,2000 ,490
// Wedding
22,	20000,0    ,500  ,100  ,2000 ,2000 ,2000 ,2000 ,2000 ,2000 ,2000 ,2000 ,2000 ,2000 ,2000 ,2000 ,2000 ,2000 ,2000 ,2000 ,2000 ,2000 ,2000 ,2000 ,2000 ,2000 ,2000 ,2000 ,2000
// Super Novice
23,	20000,0    ,500  ,100  ,440  ,590  ,610  ,2000 ,2000 ,2000 ,540  ,2000 ,540  ,540  ,690  ,2000 ,2000 ,2000 ,2000 ,2000 ,2000 ,2000 ,2000 ,2000 ,2000 ,2000 ,2000 ,690  ,540
// Gunslinger
24,	28000,90   ,650  ,469  ,540  ,2000 ,2000 ,2000 ,2000 ,2000 ,2000 ,2000 ,2000 ,2000 ,2000 ,2000 ,2000 ,2000 ,2000 ,2000 ,2000 ,490  ,590  ,540  ,940  ,1040 ,2000 ,2000 ,600
// Ninja
25,	26000,75   ,500  ,540  ,440  ,470  ,2000 ,2000 ,2000 ,2000 ,2000 ,2000 ,2000 ,2000 ,2000 ,2000 ,2000 ,2000 ,2000 ,2000 ,2000 ,2000 ,2000 ,2000 ,2000 ,2000 ,590  ,2000 ,500
// Novice High
4001,	20000,0    ,500  ,100  ,440  ,590  ,610  ,2000 ,2000 ,2000 ,540  ,2000 ,540  ,540  ,690  ,2000 ,2000 ,2000 ,2000 ,2000 ,2000 ,2000 ,2000 ,2000 ,2000 ,2000 ,2000 ,690  ,540
// Swordman High
4002,	28000,70   ,500  ,200  ,440  ,510  ,510  ,580  ,610  ,690  ,590  ,640  ,540  ,540  ,2000 ,2000 ,2000 ,2000 ,2000 ,2000 ,2000 ,2000 ,2000 ,2000 ,2000 ,2000 ,2000 ,2000 ,490
// Magician High
4003,	22000,30   ,500  ,600  ,540  ,540  ,2000 ,2000 ,2000 ,2000 ,2000 ,2000 ,2000 ,2000 ,590  ,2000 ,2000 ,2000 ,2000 ,2000 ,2000 ,2000 ,2000 ,2000 ,2000 ,2000 ,2000 ,590  ,640
// Archer High
4004,	26000,50   ,500  ,200  ,440  ,590  ,2000 ,2000 ,2000 ,2000 ,2000 ,2000 ,2000 ,2000 ,2000 ,540  ,2000 ,2000 ,2000 ,2000 ,2000 ,2000 ,2000 ,2000 ,2000 ,2000 ,2000 ,2000 ,530
// Acolyte High
4005,	24000,40   ,500  ,500  ,440  ,2000 ,2000 ,2000 ,2000 ,2000 ,2000 ,2000 ,490  ,490  ,640  ,2000 ,2000 ,2000 ,2000 ,2000 ,2000 ,2000 ,2000 ,2000 ,2000 ,2000 ,2000 ,640  ,510
// Merchant High
4006,	28000,40   ,500  ,300  ,440  ,560  ,560  ,2000 ,2000 ,2000 ,520  ,590  ,540  ,540  ,2000 ,2000 ,2000 ,2000 ,2000 ,2000 ,2000 ,2000 ,2000 ,2000 ,2000 ,2000 ,2000 ,2000 ,490
// Thief High
4007,	24000,50   ,500  ,200  ,440  ,520  ,540  ,2000 ,2000 ,2000 ,640  ,2000 ,2000 ,2000 ,2000 ,570  ,2000 ,2000 ,2000 ,2000 ,2000 ,2000 ,2000 ,2000 ,2000 ,2000 ,2000 ,2000 ,500
// Lord Knight
4008,	28000,150  ,500  ,300  ,440  ,530  ,490  ,560  ,590  ,690  ,540  ,590  ,490  ,490  ,2000 ,2000 ,2000 ,2000 ,2000 ,2000 ,2000 ,2000 ,2000 ,2000 ,2000 ,2000 ,2000 ,2000 ,490
// High Priest
4009,	26000,75   ,500  ,800  ,440  ,2000 ,2000 ,2000 ,2000 ,2000 ,2000 ,2000 ,470  ,470  ,640  ,2000 ,640  ,2000 ,2000 ,480  ,2000 ,2000 ,2000 ,2000 ,2000 ,2000 ,2000 ,640  ,490
// High Wizard
4010,	24000,55   ,500  ,900  ,540  ,580  ,2000 ,2000 ,2000 ,2000 ,2000 ,2000 ,2000 ,2000 ,570  ,2000 ,2000 ,2000 ,2000 ,2000 ,2000 ,2000 ,2000 ,2000 ,2000 ,2000 ,2000 ,570  ,620
// Whitesmith
4011,	30000,90   ,500  ,400  ,440  ,540  ,540  ,2000 ,2000 ,2000 ,500  ,570  ,520  ,520  ,2000 ,2000 ,2000 ,2000 ,2000 ,2000 ,2000 ,2000 ,2000 ,2000 ,2000 ,2000 ,2000 ,2000 ,490
// Sniper
4012,	27000,85   ,500  ,400  ,440  ,570  ,2000 ,2000 ,2000 ,2000 ,2000 ,2000 ,2000 ,2000 ,2000 ,520  ,2000 ,2000 ,2000 ,2000 ,2000 ,2000 ,2000 ,2000 ,2000 ,2000 ,2000 ,2000 ,530
// Assassin Cross
4013,	24000,110  ,500  ,400  ,440  ,460  ,540  ,2000 ,2000 ,2000 ,550  ,2000 ,2000 ,2000 ,2000 ,2000 ,2000 ,2000 ,2000 ,2000 ,460  ,2000 ,2000 ,2000 ,2000 ,2000 ,2000 ,2000 ,500
// Lord Knight (Peco)
4014,	28000,150  ,500  ,300  ,440  ,530  ,490  ,560  ,590  ,690  ,540  ,590  ,490  ,490  ,2000 ,2000 ,2000 ,2000 ,2000 ,2000 ,2000 ,2000 ,2000 ,2000 ,2000 ,2000 ,2000 ,2000 ,490
// Paladin
4015,	28000,110  ,700  ,470  ,440  ,520  ,470  ,590  ,570  ,560  ,540  ,590  ,490  ,490  ,2000 ,2000 ,2000 ,2000 ,2000 ,2000 ,2000 ,2000 ,2000 ,2000 ,2000 ,2000 ,2000 ,2000 ,490
// Champion
4016,	26000,90   ,650  ,470  ,440  ,2000 ,2000 ,2000 ,2000 ,2000 ,2000 ,2000 ,470  ,470  ,640  ,2000 ,440  ,2000 ,2000 ,2000 ,2000 ,2000 ,2000 ,2000 ,2000 ,2000 ,2000 ,620  ,490
// Professor
4017,	24000,75   ,500  ,700  ,490  ,570  ,2000 ,2000 ,2000 ,2000 ,2000 ,2000 ,2000 ,2000 ,590  ,2000 ,2000 ,2000 ,2000 ,470  ,2000 ,2000 ,2000 ,2000 ,2000 ,2000 ,2000 ,590  ,590
// Stalker
4018,	24000,85   ,500  ,500  ,440  ,490  ,540  ,2000 ,2000 ,2000 ,2030 ,2000 ,2000 ,2000 ,2000 ,540  ,2000 ,2000 ,2000 ,2000 ,2000 ,2000 ,2000 ,2000 ,2000 ,2000 ,2000 ,2000 ,490
// Creator
4019,	30000,90   ,500  ,400  ,440  ,540  ,490  ,490  ,2000 ,2000 ,490  ,560  ,490  ,490  ,2000 ,2000 ,2000 ,2000 ,2000 ,2000 ,2000 ,2000 ,2000 ,2000 ,2000 ,2000 ,2000 ,2000 ,480
// Clown
4020,	27000,75   ,300  ,600  ,440  ,570  ,2000 ,2000 ,2000 ,2000 ,2000 ,2000 ,2000 ,2000 ,2000 ,520  ,2000 ,490  ,2000 ,2000 ,2000 ,2000 ,2000 ,2000 ,2000 ,2000 ,2000 ,2000 ,510
// Gypsy
4021,	27000,75   ,300  ,600  ,440  ,570  ,2000 ,2000 ,2000 ,2000 ,2000 ,2000 ,2000 ,2000 ,2000 ,520  ,2000 ,2000 ,490  ,2000 ,2000 ,2000 ,2000 ,2000 ,2000 ,2000 ,2000 ,2000 ,510
// Paladin (Peco)
4022,	28000,110  ,700  ,470  ,440  ,520  ,470  ,590  ,570  ,560  ,540  ,590  ,490  ,490  ,2000 ,2000 ,2000 ,2000 ,2000 ,2000 ,2000 ,2000 ,2000 ,2000 ,2000 ,2000 ,2000 ,2000 ,490
// Baby Novice
4023,	20000,0    ,500  ,100  ,440  ,590  ,610  ,2000 ,2000 ,2000 ,540  ,2000 ,540  ,540  ,690  ,2000 ,2000 ,2000 ,2000 ,2000 ,2000 ,2000 ,2000 ,2000 ,2000 ,2000 ,2000 ,690  ,540
// Baby Swordman
4024,	28000,70   ,500  ,200  ,440  ,510  ,510  ,580  ,610  ,690  ,590  ,640  ,540  ,540  ,2000 ,2000 ,2000 ,2000 ,2000 ,2000 ,2000 ,2000 ,2000 ,2000 ,2000 ,2000 ,2000 ,2000 ,490
// Baby Magician
4025,	22000,30   ,500  ,600  ,540  ,440  ,2000 ,2000 ,2000 ,2000 ,2000 ,2000 ,2000 ,2000 ,590  ,2000 ,2000 ,2000 ,2000 ,2000 ,2000 ,2000 ,2000 ,2000 ,2000 ,2000 ,2000 ,590  ,640
// Baby Archer
4026,	26000,50   ,500  ,200  ,440  ,590  ,2000 ,2000 ,2000 ,2000 ,2000 ,2000 ,2000 ,2000 ,2000 ,540  ,2000 ,2000 ,2000 ,2000 ,2000 ,2000 ,2000 ,2000 ,2000 ,2000 ,2000 ,2000 ,530
// Baby Acolyte
4027,	24000,40   ,500  ,500  ,440  ,2000 ,2000 ,2000 ,2000 ,2000 ,2000 ,2000 ,490  ,490  ,640  ,2000 ,2000 ,2000 ,2000 ,2000 ,2000 ,2000 ,2000 ,2000 ,2000 ,2000 ,2000 ,640  ,510
// Baby Merchant
4028,	28000,40   ,500  ,300  ,440  ,560  ,560  ,2000 ,2000 ,2000 ,520  ,590  ,540  ,540  ,2000 ,2000 ,2000 ,2000 ,2000 ,2000 ,2000 ,2000 ,2000 ,2000 ,2000 ,2000 ,2000 ,2000 ,490
// Baby Thief
4029,	24000,50   ,500  ,200  ,440  ,520  ,540  ,2000 ,2000 ,2000 ,640  ,2000 ,2000 ,2000 ,2000 ,570  ,2000 ,2000 ,2000 ,2000 ,2000 ,2000 ,2000 ,2000 ,2000 ,2000 ,2000 ,2000 ,500
// Baby Knight
4030,	28000,150  ,500  ,300  ,440  ,530  ,490  ,560  ,590  ,690  ,540  ,590  ,490  ,490  ,2000 ,2000 ,2000 ,2000 ,2000 ,2000 ,2000 ,2000 ,2000 ,2000 ,2000 ,2000 ,2000 ,2000 ,490
// Baby Priest
4031,	26000,75   ,500  ,800  ,440  ,2000 ,2000 ,2000 ,2000 ,2000 ,2000 ,2000 ,470  ,470  ,640  ,2000 ,640  ,2000 ,2000 ,480  ,2000 ,2000 ,2000 ,2000 ,2000 ,2000 ,2000 ,640  ,490
// Baby Wizard
4032,	24000,55   ,500  ,900  ,540  ,580  ,2000 ,2000 ,2000 ,2000 ,2000 ,2000 ,2000 ,2000 ,570  ,2000 ,2000 ,2000 ,2000 ,2000 ,2000 ,2000 ,2000 ,2000 ,2000 ,2000 ,2000 ,570  ,620
// Baby Blacksmith
4033,	30000,90   ,500  ,400  ,440  ,540  ,540  ,2000 ,2000 ,2000 ,500  ,570  ,520  ,520  ,2000 ,2000 ,2000 ,2000 ,2000 ,2000 ,2000 ,2000 ,2000 ,2000 ,2000 ,2000 ,2000 ,2000 ,490
// Baby Hunter
4034,	27000,85   ,500  ,400  ,440  ,570  ,2000 ,2000 ,2000 ,2000 ,2000 ,2000 ,2000 ,2000 ,2000 ,520  ,2000 ,2000 ,2000 ,2000 ,2000 ,2000 ,2000 ,2000 ,2000 ,2000 ,2000 ,2000 ,530
// Baby Assassin
4035,	24000,110  ,500  ,400  ,440  ,460  ,540  ,2000 ,2000 ,2000 ,550  ,2000 ,2000 ,2000 ,2000 ,2000 ,2000 ,2000 ,2000 ,2000 ,460  ,2000 ,2000 ,2000 ,2000 ,2000 ,2000 ,2000 ,500
// Baby Knight (Peco)
4036,	28000,150  ,500  ,300  ,440  ,530  ,490  ,560  ,590  ,690  ,540  ,590  ,490  ,490  ,2000 ,2000 ,2000 ,2000 ,2000 ,2000 ,2000 ,2000 ,2000 ,2000 ,2000 ,2000 ,2000 ,2000 ,490
// Baby Crusader
4037,	28000,110  ,700  ,470  ,440  ,520  ,470  ,590  ,570  ,560  ,540  ,590  ,490  ,490  ,2000 ,2000 ,2000 ,2000 ,2000 ,2000 ,2000 ,2000 ,2000 ,2000 ,2000 ,2000 ,2000 ,2000 ,490
// Baby Monk
4038,	26000,90   ,650  ,470  ,440  ,2000 ,2000 ,2000 ,2000 ,2000 ,2000 ,2000 ,470  ,470  ,640  ,2000 ,440  ,2000 ,2000 ,2000 ,2000 ,2000 ,2000 ,2000 ,2000 ,2000 ,2000 ,620  ,490
// Baby Sage
4039,	24000,75   ,500  ,700  ,490  ,570  ,2000 ,2000 ,2000 ,2000 ,2000 ,2000 ,2000 ,2000 ,590  ,2000 ,2000 ,2000 ,2000 ,470  ,2000 ,2000 ,2000 ,2000 ,2000 ,2000 ,2000 ,590  ,590
// Baby Rogue
4040,	24000,85   ,500  ,500  ,440  ,490  ,540  ,2000 ,2000 ,2000 ,2030 ,2000 ,2000 ,2000 ,2000 ,540  ,2000 ,2000 ,2000 ,2000 ,2000 ,2000 ,2000 ,2000 ,2000 ,2000 ,2000 ,2000 ,490
// Baby Alchemist
4041,	30000,90   ,500  ,400  ,440  ,540  ,490  ,2000 ,2000 ,2000 ,490  ,560  ,490  ,490  ,2000 ,2000 ,2000 ,2000 ,2000 ,2000 ,2000 ,2000 ,2000 ,2000 ,2000 ,2000 ,2000 ,2000 ,480
// Baby Bard
4042,	27000,75   ,300  ,600  ,440  ,570  ,2000 ,2000 ,2000 ,2000 ,2000 ,2000 ,2000 ,2000 ,2000 ,520  ,2000 ,490  ,2000 ,2000 ,2000 ,2000 ,2000 ,2000 ,2000 ,2000 ,2000 ,2000 ,510
// Baby Dancer
4043,	27000,75   ,300  ,600  ,400  ,530  ,2000 ,2000 ,2000 ,2000 ,2000 ,2000 ,2000 ,2000 ,2000 ,480  ,2000 ,2000 ,450  ,2000 ,2000 ,2000 ,2000 ,2000 ,2000 ,2000 ,2000 ,2000 ,470
// Baby Crusader (Peco)
4044,	28000,110  ,700  ,470  ,440  ,520  ,470  ,590  ,570  ,560  ,540  ,590  ,490  ,490  ,2000 ,2000 ,2000 ,2000 ,2000 ,2000 ,2000 ,2000 ,2000 ,2000 ,2000 ,2000 ,2000 ,2000 ,490
// Baby Super Novice
4045,	20000,0    ,500  ,100  ,440  ,590  ,610  ,2000 ,2000 ,2000 ,540  ,2000 ,540  ,540  ,690  ,2000 ,2000 ,2000 ,2000 ,2000 ,2000 ,2000 ,2000 ,2000 ,2000 ,2000 ,2000 ,690  ,540
// Taekwon
4046,	28000,70   ,500  ,200  ,440  ,2000 ,2000 ,2000 ,2000 ,2000 ,2000 ,2000 ,2000 ,2000 ,2000 ,2000 ,2000 ,2000 ,2000 ,2000 ,2000 ,2000 ,2000 ,2000 ,2000 ,2000 ,2000 ,2000 ,500
// Star Gladiator
4047,	28000,90   ,650  ,470  ,440  ,2000 ,2000 ,2000 ,2000 ,2000 ,2000 ,2000 ,2000 ,2000 ,2000 ,2000 ,2000 ,2000 ,2000 ,540  ,2000 ,2000 ,2000 ,2000 ,2000 ,2000 ,2000 ,2000 ,500
// Star Gladiator (flying)
4048,	28000,90   ,650  ,470  ,440  ,2000 ,2000 ,2000 ,2000 ,2000 ,2000 ,2000 ,2000 ,2000 ,2000 ,2000 ,2000 ,2000 ,2000 ,540  ,2000 ,2000 ,2000 ,2000 ,2000 ,2000 ,2000 ,2000 ,500
// Soul Linker
4049,	24000,75   ,500  ,900  ,540  ,440  ,2000 ,2000 ,2000 ,2000 ,2000 ,2000 ,2000 ,2000 ,570  ,2000 ,2000 ,2000 ,2000 ,2000 ,2000 ,2000 ,2000 ,2000 ,2000 ,2000 ,2000 ,570  ,620
// Gangsi (Bongun/Munak)
4050,	24000,65   ,500  ,300  ,400  ,2000 ,2000 ,2000 ,2000 ,2000 ,2000 ,2000 ,600  ,600  ,600  ,2000 ,2000 ,2000 ,2000 ,2000 ,2000 ,2000 ,2000 ,2000 ,2000 ,2000 ,2000 ,600  ,500
// Death Knight
4051,	28000,150  ,500  ,300  ,400  ,500  ,500  ,550  ,600  ,600  ,700  ,700  ,650  ,700  ,2000 ,2000 ,2000 ,2000 ,2000 ,2000 ,2000 ,2000 ,2000 ,2000 ,2000 ,2000 ,2000 ,2000 ,500
// Dark Collector
4052,	24000,75   ,500  ,700  ,450  ,525  ,2000 ,2000 ,2000 ,2000 ,2000 ,2000 ,2000 ,2000 ,625  ,2000 ,2000 ,2000 ,2000 ,550  ,2000 ,2000 ,2000 ,2000 ,2000 ,2000 ,2000 , 625, 0
// Rune Knight (Regular)
4054,	35000,150  ,500  ,300  ,440  ,540  ,560  ,590  ,620  ,560  ,620  ,640  ,490  ,490  ,2000 ,2000 ,2000 ,2000 ,2000 ,2000 ,2000 ,2000 ,2000 ,2000 ,2000 ,2000 ,2000 ,2000 ,490
// Warlock (Regular)
4055,	30000,55   ,500  ,900  ,490  ,560  ,2000 ,2000 ,2000 ,2000 ,2000 ,2000 ,2000 ,2000 ,540  ,2000 ,2000 ,2000 ,2000 ,2000 ,2000 ,2000 ,2000 ,2000 ,2000 ,2000 ,2000 ,540  ,540
// Ranger (Regular)
4056,	32000,85   ,500  ,400  ,440  ,540  ,2000 ,2000 ,2000 ,2000 ,2000 ,2000 ,2000 ,2000 ,2000 ,530  ,2000 ,2000 ,2000 ,2000 ,2000 ,2000 ,2000 ,2000 ,2000 ,2000 ,2000 ,2000 ,520
// Arch Bishop (Regular)
4057,	30000,75   ,500  ,800  ,490  ,2000 ,2000 ,2000 ,2000 ,2000 ,2000 ,2000 ,440  ,2000 ,640  ,2000 ,540  ,2000 ,2000 ,480  ,2000 ,2000 ,2000 ,2000 ,2000 ,2000 ,2000 ,590  ,540
// Mechanic (Regular)
4058,	38000,90   ,500  ,400  ,440  ,640  ,690  ,2000 ,2000 ,2000 ,490  ,520  ,520  ,520  ,2000 ,2000 ,2000 ,2000 ,2000 ,2000 ,2000 ,2000 ,2000 ,2000 ,2000 ,2000 ,2000 ,2000 ,500
// Guillotine Cross (Regular)
4059,	32000,110  ,500  ,400  ,440  ,460  ,690  ,2000 ,2000 ,2000 ,840  ,2000 ,2000 ,2000 ,2000 ,2000 ,2000 ,2000 ,2000 ,2000 ,460  ,2000 ,2000 ,2000 ,2000 ,2000 ,2000 ,2000 ,530
// Rune Knight (Trans)
4060,	35000,150  ,500  ,300  ,440  ,540  ,560  ,590  ,620  ,560  ,620  ,640  ,490  ,490  ,2000 ,2000 ,2000 ,2000 ,2000 ,2000 ,2000 ,2000 ,2000 ,2000 ,2000 ,2000 ,2000 ,2000 ,490
// Warlock (Trans)
4061,	30000,55   ,500  ,900  ,490  ,560  ,2000 ,2000 ,2000 ,2000 ,2000 ,2000 ,2000 ,2000 ,540  ,2000 ,2000 ,2000 ,2000 ,2000 ,2000 ,2000 ,2000 ,2000 ,2000 ,2000 ,2000 ,540  ,540
// Ranger (Trans)
4062,	32000,85   ,500  ,400  ,440  ,540  ,2000 ,2000 ,2000 ,2000 ,2000 ,2000 ,2000 ,2000 ,2000 ,530  ,2000 ,2000 ,2000 ,2000 ,2000 ,2000 ,2000 ,2000 ,2000 ,2000 ,2000 ,2000 ,520
// Arch Bishop (Trans)
4063,	30000,75   ,500  ,800  ,490  ,2000 ,2000 ,2000 ,2000 ,2000 ,2000 ,2000 ,440  ,2000 ,640  ,2000 ,540  ,2000 ,2000 ,480  ,2000 ,2000 ,2000 ,2000 ,2000 ,2000 ,2000 ,590  ,540
// Mechanic (Trans)
4064,	38000,90   ,500  ,400  ,440  ,640  ,690  ,2000 ,2000 ,2000 ,490  ,520  ,520  ,520  ,2000 ,2000 ,2000 ,2000 ,2000 ,2000 ,2000 ,2000 ,2000 ,2000 ,2000 ,2000 ,2000 ,2000 ,500
// Guillotine Cross (Trans)
4065,	32000,110  ,500  ,400  ,440  ,460  ,690  ,2000 ,2000 ,2000 ,840  ,2000 ,2000 ,2000 ,2000 ,2000 ,2000 ,2000 ,2000 ,2000 ,460  ,2000 ,2000 ,2000 ,2000 ,2000 ,2000 ,2000 ,530
// Royal Guard (Regular)
4066,	35000,110  ,700  ,400  ,440  ,510  ,490  ,530  ,540  ,540  ,520  ,560  ,480  ,480  ,2000 ,2000 ,2000 ,2000 ,2000 ,2000 ,2000 ,2000 ,2000 ,2000 ,2000 ,2000 ,2000 ,2000 ,490
// Sorcerer (Regular)
4067,	30000,75   ,500  ,900  ,440  ,540  ,2000 ,2000 ,2000 ,2000 ,2000 ,2000 ,2000 ,2000 ,490  ,2000 ,2000 ,2000 ,2000 ,490  ,2000 ,2000 ,2000 ,2000 ,2000 ,2000 ,2000 ,490  ,490
// Minstrel (Regular)
4068,	32000,75   ,300  ,400  ,440  ,560  ,2000 ,2000 ,2000 ,2000 ,2000 ,2000 ,2000 ,2000 ,2000 ,540  ,2000 ,490  ,2000 ,2000 ,2000 ,2000 ,2000 ,2000 ,2000 ,2000 ,2000 ,2000 ,510
// Wanderer (Regular)
4069,	32000,75   ,300  ,400  ,440  ,560  ,2000 ,2000 ,2000 ,2000 ,2000 ,2000 ,2000 ,2000 ,2000 ,540  ,2000 ,2000 ,490  ,2000 ,2000 ,2000 ,2000 ,2000 ,2000 ,2000 ,2000 ,2000 ,510
// Sura (Regular)
4070,	30000,90   ,650  ,400  ,420  ,2000 ,2000 ,2000 ,2000 ,2000 ,2000 ,2000 ,470  ,470  ,520  ,2000 ,430  ,2000 ,2000 ,2000 ,2000 ,2000 ,2000 ,2000 ,2000 ,2000 ,2000 ,540  ,470
// Genetic (Regular)
4071,	32000,90   ,500  ,900  ,440  ,540  ,480  ,2000 ,2000 ,2000 ,550  ,550  ,490  ,490  ,2000 ,2000 ,2000 ,2000 ,2000 ,2000 ,2000 ,2000 ,2000 ,2000 ,2000 ,2000 ,2000 ,2000 ,480
// Shadow Chaser (Regular)
4072,	28000,85   ,500  ,400  ,440  ,470  ,510  ,2000 ,2000 ,2000 ,2030 ,2000 ,2000 ,2000 ,2000 ,510  ,2000 ,2000 ,2000 ,2000 ,2000 ,2000 ,2000 ,2000 ,2000 ,2000 ,2000 ,2000 ,490
// Royal Guard (Trans)
4073,	35000,110  ,700  ,400  ,440  ,510  ,490  ,530  ,540  ,540  ,520  ,560  ,480  ,480  ,2000 ,2000 ,2000 ,2000 ,2000 ,2000 ,2000 ,2000 ,2000 ,2000 ,2000 ,2000 ,2000 ,2000 ,490
// Sorcerer (Trans)
4074,	30000,75   ,500  ,900  ,440  ,540  ,2000 ,2000 ,2000 ,2000 ,2000 ,2000 ,2000 ,2000 ,490  ,2000 ,2000 ,2000 ,2000 ,490  ,2000 ,2000 ,2000 ,2000 ,2000 ,2000 ,2000 ,490  ,490
// Minstrel (Trans)
4075,	32000,75   ,300  ,400  ,440  ,560  ,2000 ,2000 ,2000 ,2000 ,2000 ,2000 ,2000 ,2000 ,2000 ,540  ,2000 ,490  ,2000 ,2000 ,2000 ,2000 ,2000 ,2000 ,2000 ,2000 ,2000 ,2000 ,510
// Wanderer (Trans)
4076,	32000,75   ,300  ,400  ,440  ,560  ,2000 ,2000 ,2000 ,2000 ,2000 ,2000 ,2000 ,2000 ,2000 ,540  ,2000 ,2000 ,490  ,2000 ,2000 ,2000 ,2000 ,2000 ,2000 ,2000 ,2000 ,2000 ,510
// Sura (Trans)
4077,	30000,90   ,650  ,400  ,420  ,2000 ,2000 ,2000 ,2000 ,2000 ,2000 ,2000 ,470  ,470  ,520  ,2000 ,430  ,2000 ,2000 ,2000 ,2000 ,2000 ,2000 ,2000 ,2000 ,2000 ,2000 ,540  ,470
// Genetic (Trans)
4078,	32000,90   ,500  ,900  ,440  ,540  ,480  ,2000 ,2000 ,2000 ,550  ,550  ,490  ,490  ,2000 ,2000 ,2000 ,2000 ,2000 ,2000 ,2000 ,2000 ,2000 ,2000 ,2000 ,2000 ,2000 ,2000 ,480
// Shadow Chaser (Trans)
4079,	28000,85   ,500  ,400  ,440  ,470  ,510  ,2000 ,2000 ,2000 ,2030 ,2000 ,2000 ,2000 ,2000 ,510  ,2000 ,2000 ,2000 ,2000 ,2000 ,2000 ,2000 ,2000 ,2000 ,2000 ,2000 ,2000 ,490
// Rune Knight (Dragon) (Regular)
4080,	35000,150  ,500  ,300  ,440  ,540  ,560  ,590  ,620  ,560  ,620  ,640  ,490  ,490  ,2000 ,2000 ,2000 ,2000 ,2000 ,2000 ,2000 ,2000 ,2000 ,2000 ,2000 ,2000 ,2000 ,2000 ,490
// Rune Knight (Dragon) (Trans)
4081,	35000,150  ,500  ,300  ,440  ,540  ,560  ,590  ,620  ,560  ,620  ,640  ,490  ,490  ,2000 ,2000 ,2000 ,2000 ,2000 ,2000 ,2000 ,2000 ,2000 ,2000 ,2000 ,2000 ,2000 ,2000 ,490
// Royal Guard (Gryphon) (Regular)
4082,	35000,110  ,700  ,400  ,440  ,510  ,490  ,530  ,540  ,540  ,520  ,560  ,480  ,480  ,2000 ,2000 ,2000 ,2000 ,2000 ,2000 ,2000 ,2000 ,2000 ,2000 ,2000 ,2000 ,2000 ,2000 ,490
// Royal Guard (Gryphon) (Trans)
4083,	35000,110  ,700  ,400  ,440  ,510  ,490  ,530  ,540  ,540  ,520  ,560  ,480  ,480  ,2000 ,2000 ,2000 ,2000 ,2000 ,2000 ,2000 ,2000 ,2000 ,2000 ,2000 ,2000 ,2000 ,2000 ,490
// Ranger (Warg) (Regular)
4084,	32000,85   ,500  ,400  ,440  ,540  ,2000 ,2000 ,2000 ,2000 ,2000 ,2000 ,2000 ,2000 ,2000 ,530  ,2000 ,2000 ,2000 ,2000 ,2000 ,2000 ,2000 ,2000 ,2000 ,2000 ,2000 ,2000 ,520
// Ranger (Warg) (Trans)
4085,	32000,85   ,500  ,400  ,440  ,540  ,2000 ,2000 ,2000 ,2000 ,2000 ,2000 ,2000 ,2000 ,2000 ,530  ,2000 ,2000 ,2000 ,2000 ,2000 ,2000 ,2000 ,2000 ,2000 ,2000 ,2000 ,2000 ,520
// Mechanic (Mado) (Regular)
4086,	38000,90   ,500  ,400  ,440  ,640  ,690  ,2000 ,2000 ,2000 ,490  ,520  ,520  ,520  ,2000 ,2000 ,2000 ,2000 ,2000 ,2000 ,2000 ,2000 ,2000 ,2000 ,2000 ,2000 ,2000 ,2000 ,500
// Mechanic (Mado) (Trans)
4087,	38000,90   ,500  ,400  ,440  ,640  ,690  ,2000 ,2000 ,2000 ,490  ,520  ,520  ,520  ,2000 ,2000 ,2000 ,2000 ,2000 ,2000 ,2000 ,2000 ,2000 ,2000 ,2000 ,2000 ,2000 ,2000 ,500
// Baby Rune Knight
4096,	28000,150  ,500  ,300  ,440  ,540  ,560  ,590  ,620  ,560  ,620  ,640  ,490  ,490  ,2000 ,2000 ,2000 ,2000 ,2000 ,2000 ,2000 ,2000 ,2000 ,2000 ,2000 ,2000 ,2000 ,2000 ,490
// Baby Warlock
4097,	24000,55   ,500  ,900  ,490  ,560  ,2000 ,2000 ,2000 ,2000 ,2000 ,2000 ,2000 ,2000 ,540  ,2000 ,2000 ,2000 ,2000 ,2000 ,2000 ,2000 ,2000 ,2000 ,2000 ,2000 ,2000 ,540  ,540
// Baby Ranger
4098,	27000,85   ,500  ,400  ,440  ,540  ,2000 ,2000 ,2000 ,2000 ,2000 ,2000 ,2000 ,2000 ,2000 ,530  ,2000 ,2000 ,2000 ,2000 ,2000 ,2000 ,2000 ,2000 ,2000 ,2000 ,2000 ,2000 ,520
// Baby Arch Bishop
4099,	26000,75   ,500  ,800  ,490  ,2000 ,2000 ,2000 ,2000 ,2000 ,2000 ,2000 ,440  ,2000 ,640  ,2000 ,540  ,2000 ,2000 ,480  ,2000 ,2000 ,2000 ,2000 ,2000 ,2000 ,2000 ,590  ,540
// Baby Mechanic
4100,	30000,90   ,500  ,400  ,440  ,640  ,690  ,2000 ,2000 ,2000 ,490  ,520  ,520  ,520  ,2000 ,2000 ,2000 ,2000 ,2000 ,2000 ,2000 ,2000 ,2000 ,2000 ,2000 ,2000 ,2000 ,2000 ,500
// Baby Guillotine Cross
4101,	24000,110  ,500  ,400  ,440  ,460  ,690  ,2000 ,2000 ,2000 ,840  ,2000 ,2000 ,2000 ,2000 ,2000 ,2000 ,2000 ,2000 ,2000 ,460  ,2000 ,2000 ,2000 ,2000 ,2000 ,2000 ,2000 ,530
// Baby Royal Guard
4102,	28000,110  ,700  ,400  ,440  ,510  ,490  ,530  ,540  ,540  ,520  ,560  ,480  ,480  ,2000 ,2000 ,2000 ,2000 ,2000 ,2000 ,2000 ,2000 ,2000 ,2000 ,2000 ,2000 ,2000 ,2000 ,490
// Baby Sorcerer
4103,	24000,75   ,500  ,900  ,440  ,540  ,2000 ,2000 ,2000 ,2000 ,2000 ,2000 ,2000 ,2000 ,490  ,2000 ,2000 ,2000 ,2000 ,490  ,2000 ,2000 ,2000 ,2000 ,2000 ,2000 ,2000 ,490  ,490
// Baby Minstrel
4104,	27000,75   ,300  ,400  ,440  ,560  ,2000 ,2000 ,2000 ,2000 ,2000 ,2000 ,2000 ,2000 ,2000 ,540  ,2000 ,490  ,2000 ,2000 ,2000 ,2000 ,2000 ,2000 ,2000 ,2000 ,2000 ,2000 ,510
// Baby Wanderer
4105,	27000,75   ,300  ,400  ,440  ,560  ,2000 ,2000 ,2000 ,2000 ,2000 ,2000 ,2000 ,2000 ,2000 ,540  ,2000 ,2000 ,490  ,2000 ,2000 ,2000 ,2000 ,2000 ,2000 ,2000 ,2000 ,2000 ,510
// Baby Sura
4106,	26000,90   ,650  ,400  ,420  ,2000 ,2000 ,2000 ,2000 ,2000 ,2000 ,2000 ,470  ,470  ,520  ,2000 ,430  ,2000 ,2000 ,2000 ,2000 ,2000 ,2000 ,2000 ,2000 ,2000 ,2000 ,540  ,470
// Baby Genetic
4107,	30000,90   ,500  ,900  ,440  ,540  ,480  ,2000 ,2000 ,2000 ,550  ,550  ,490  ,490  ,2000 ,2000 ,2000 ,2000 ,2000 ,2000 ,2000 ,2000 ,2000 ,2000 ,2000 ,2000 ,2000 ,2000 ,480
// Baby Shadow Chaser
4108,	24000,85   ,500  ,400  ,440  ,470  ,510  ,2000 ,2000 ,2000 ,2030 ,2000 ,2000 ,2000 ,2000 ,510  ,2000 ,2000 ,2000 ,2000 ,2000 ,2000 ,2000 ,2000 ,2000 ,2000 ,2000 ,2000 ,490
// Baby Rune Knight (Dragon)
4109,	28000,150  ,500  ,300  ,440  ,540  ,560  ,590  ,620  ,560  ,620  ,640  ,490  ,490  ,2000 ,2000 ,2000 ,2000 ,2000 ,2000 ,2000 ,2000 ,2000 ,2000 ,2000 ,2000 ,2000 ,2000 ,490
// Baby Royal Guard (Gryphon)
4110,	28000,110  ,700  ,400  ,440  ,510  ,490  ,530  ,540  ,540  ,520  ,560  ,480  ,480  ,2000 ,2000 ,2000 ,2000 ,2000 ,2000 ,2000 ,2000 ,2000 ,2000 ,2000 ,2000 ,2000 ,2000 ,490
// Baby Ranger (Warg)
4111,	27000,85   ,500  ,400  ,440  ,540  ,2000 ,2000 ,2000 ,2000 ,2000 ,2000 ,2000 ,2000 ,2000 ,530  ,2000 ,2000 ,2000 ,2000 ,2000 ,2000 ,2000 ,2000 ,2000 ,2000 ,2000 ,2000 ,520
// Baby Mechanic (Mado)
4112,	30000,90   ,500  ,400  ,440  ,640  ,690  ,2000 ,2000 ,2000 ,490  ,520  ,520  ,520  ,2000 ,2000 ,2000 ,2000 ,2000 ,2000 ,2000 ,2000 ,2000 ,2000 ,2000 ,2000 ,2000 ,2000 ,500
// Super Novice (Expanded)
4190,	20000,0    ,500  ,100  ,440  ,590  ,610  ,2000 ,2000 ,2000 ,540  ,2000 ,540  ,540  ,690  ,2000 ,2000 ,2000 ,2000 ,2000 ,2000 ,2000 ,2000 ,2000 ,2000 ,2000 ,2000 ,690  ,540
// Super Baby (Expanded)
4191,	20000,0    ,500  ,100  ,500  ,650  ,700  ,2000 ,2000 ,2000 ,800  ,2000 ,700  ,700  ,650  ,2000 ,2000 ,2000 ,2000 ,2000 ,2000 ,2000 ,2000 ,2000 ,2000 ,2000 ,2000 , 650 ,540
// Kagerou
4211,	26000,75   ,500  ,540  ,400  ,500  ,2000 ,2000 ,2000 ,2000 ,2000 ,2000 ,2000 ,2000 ,2000 ,2000 ,2000 ,2000 ,2000 ,2000 ,2000 ,2000 ,2000 ,2000 ,2000 ,2000 , 750 ,2000 ,500
// Oboro
4212,	26000,75   ,500  ,540  ,400  ,500  ,2000 ,2000 ,2000 ,2000 ,2000 ,2000 ,2000 ,2000 ,2000 ,2000 ,2000 ,2000 ,2000 ,2000 ,2000 ,2000 ,2000 ,2000 ,2000 ,2000 , 750 ,2000 ,500
// Rebellion
4215,   28000,90   ,650  ,469  ,540  ,2000 ,2000 ,2000 ,2000 ,2000 ,2000 ,2000 ,2000 ,2000 ,2000 ,2000 ,2000 ,2000 ,2000 ,2000 ,2000 ,520  ,620  ,570  ,970  ,1070 ,2000 ,2000 ,600
