// Experience Tables [Pre-Renewal]
// Supports up to base level 1000 and job level 255 (excluding Novice/High Novice).
//
// Structure of Database:
// Max Level,Class list,Type,Exp for Lv 1,2,3,4,5,6,7,8,9,10,11,12,13,14,15,16,17,18,19,20,21,22,23,24,25,26,27,28,29,30,31,32,33,34,35,36,37,38,39,40,41,42,43,44,45,46,47,48,49,50,51,52,53,54,55,56,57,58,59,60,61,62,63,64,65,66,67,68,69,70,71,72,73,74,75,76,77,78,79,80,81,82,83,84,85,86,87,88,89,90,91,92,93,94,95,96,97,98
//
// Type:
//	0 = Base Exp, 1 = Job Exp

//Base - Normal and Baby Jobs
99,0:1:2:3:4:5:6:7:8:9:10:11:12:13:14:15:16:17:18:19:20:21:23:24:25:4023:4024:4025:4026:4027:4028:4029:4030:4031:4032:4033:4034:4035:4036:4037:4038:4039:4040:4041:4042:4043:4044:4045:4046:4047:4048:4049:4050:4051:4052,0,9,16,25,36,77,112,153,200,253,320,385,490,585,700,830,970,1120,1260,1420,1620,1860,1990,2240,2504,2950,3426,3934,4474,6889,7995,9174,10425,11748,13967,15775,17678,19677,21773,30543,34212,38065,42102,46323,53026,58419,64041,69892,75973,102468,115254,128692,142784,157528,178184,196300,215198,234879,255341,330188,365914,403224,442116,482590,536948,585191,635278,687211,740988,925400,1473746,1594058,1718928,1848355,1982340,2230113,2386162,2547417,2713878,3206160,3681024,4022472,4377024,4744680,5125440,5767272,6204000,6655464,7121664,7602600,9738720,11649960,13643520,18339300,23836800,35658000,48687000,58135000,99999998,100300002,100600902,100902708,101205414,101509034,101813561,102119002,102425359,102732638,103040840,103349964,103660020,103970998,104282915,104595762,104909549,105224282,105539955,105856574,106174147,106492668,106812152,107132590,107453992,107776356,108099683,108423981,108749258,109075506,109402732,109730946,110060139,110390318,110721493,111053662,111386827,111720986,112056149,112392322,112729499,113067686,113406893,113747119,114088363,114430627,114773918,115118244,115463597,115809993,116157424,116505898,116855416,117205984,117557604,117910275,118264005,118618802,118974658,119331582,119689581,120048655,120408804,120770028,121132344,121495743,121860233,122225815,122592496,122960276,123329155,123699142,124070244,124442453,124815785,125190233,125565805,125942508,126320342,126699307,127079404,127460648,127843032,128226563,128611242,128997076,129384065,129772218,130161535,130552023,130943682,131336513,131730524,132125722,132522099,132919665,133318425,133718382,134119541,134521905,134925472,135330251,135736249,136143467,136551905,136961562,137372455,137784568,138197932,138612532,139028368,139445456,139863795,140283386,140704245,141126355,141549734,141974380,142400310,142827507,143255989,143685754,144116820,144549169,144982818,145417767,145854016,146291581,146730461,147170658,147612171,148055015,148499176,148944668,149391509,149839681,150289202,150740070,151192287,151645868,152100812,152557121,153014794,153473847,153934264,154396078,154859271,155323845,155789814,156257180,156725958,157196133,157667719,158140718,158615145,159091000,159568284,160046996,160527136,161008720,161491749,161976222,162462156,162949549,163438404,163928718,164420509,164913776,165408520,165904741,166402453,166901658,167402372,167904578,168408293,168913516,169420264,169928520,170438301,170949622,171462468,171976854,172492782,173010265,173529306,174049903,174572057,175095783,175621067,176147938,176676383,177206416,177738038,178271249,178806065,179342485,179880511,180420157,180961424,181504312,182048836,182594982,183142764,183692200,184243272,184795997,185350391,185906439,186464155,187023556,187584626,188147381,188711822,189277963,189845805,190415349,190986594,191559555,192134234,192710646,193288775,193868638,194450249,195033610,195618720,196205580,196794204,197384594,197976749,198570686,199166404,199763903,200363199,200964293,201567185,202171889,202778407,203386739,203996900,204608890,205222726,205838392,206455919,207075292,207696526,208319621,208944579,209571414,210200126,210830732,211463232,212097626,212733929,213372142,214012264,214654297,215298271,215944171,216592013,217241796,217893521,218547205,219202846,219860461,220520050,221181612,221845165,222510708,223178240,223847779,224519324,225192890,225868479,226546090,227225739,227907425,228591151,229276930,229964763,230654667,231346640,232040684,232736814,233435031,234135333,234837738,235542262,236248887,236957631,237668509,238381522,239096669,239813967,240533414,241255013,241978778,242704725,243432839,244163135,244895630,245630324,246367216,247106322,247847644,248591196,249336978,250084992,250835252,251587759,252342528,253099560,253858855,254620429,255384298,256150462,256918920,257689674,258462754,259238145,260015863,260795909,261578297,262363044,263150134,263939583,264731408,265525607,266322182,267121148,267922521,268726301,269532488,270341083,271152116,271965590,272781502,273599854,274420645,275243907,276069641,276897846,277728555,278561735,279397419,280235606,281076328,281919554,282765316,283613613,284464446,285317847,286173815,287032351,287893455,288757126,289623397,290492268,291363738,292237841,293114575,293993909,294875907,295760537,296647831,297537789,298430411,299325697,300223679,301124357,302027731,302933833,303842631,304754158,305668412,306585427,307505202,308427738,309353033,310281089,311211937,312145578,313082011,314021268,314963350,315908256,316855987,317806574,318759986,319716286,320675443,321637489,322602423,323570246,324540957,325514589,326491142,327470616,328453042,329438422,330426754,331418039,332412309,333409563,334409803,335413028,336419270,337428528,338440836,339456161,340474535,341495958,342520463,343548016,344578683,345612431,346649260,347689203,348732290,349778492,350827838,351880330,352935968,353994783,355056775,356121945,357190325,358261914,359336713,360414721,361495971,362580463,363668196,364759204,365853485,366951040,368051900,369156067,370263539,371374350,372488466,373605953,374726777,375850972,376978536,378109471,379243808,380381547,381522688,382667264,383815273,384966717,386121628,387280004,388441848,389607189,390776029,391948368,393124205,394303572,395486503,396672963,397862987,399056573,400253754,401454529,402658900,403866897,405078521,406293772,407512649,408735186,409961414,411191300,412424878,413662147,414903139,416147854,417396292,418648485,419904434,421164170,422427661,423694939,424966037,426240955,427519691,428802248,430088655,431378914,432673057,433971084,435272994,436578820,437888561,439202250,440519855,441841408,443166941,444496454,445829946,447167451,448508967,449854496,451204068,452557685,453915378,455277147,456642993,458012946,459387008,460765178,462147489,463533940,464924563,466319359,467718327,469121500,470528878,471940460,473356279,474776366,476200691,477629316,479062209,480499404,481940900,483386728,484836890,486291416,487750308,489213565,490681218,492153269,493629750,495110659,496595998,498085798,499580059,501078814,502582062,504089804,505602071,507118896,508640279,510166219,511696717,513231804,514771514,516315845,517864798,519418405,520976666,522539612,524107245,525679564,527256601,528838388,530424926,532016213,533612283,535213136,536818770,538429251,540044547,541664688,543289709,544919608,546554386,548194042,549838641,551488183,553142668,554802095,556466529,558135971,559810419,561489875,563174337,564863870,566558475,568258151,569962962,571672844,573387862,575108015,576833368,578563856,580299543,582040430,583786581,585537931,587294546,589056423,590823629,592596099,594373896,596157022,597945475,599739320,601538558,603343188,605153210,606968688,608789622,610616013,612447860,614285228,616128116,617976525,619830454,621689968,623555066,625425750,627302018,629183935,631071501,632964715,634863643,636768220,638678509,640594576,642516357,644443914,646377249,648316425,650261378,652212173,654168810,656131352,658099735,660074024,662054283,664040448,666032583,668030687,670034761,672044870,674061012,676083189,678111463,680145836,682186307,684232877,686285609,688344503,690409559,692480779,694558224,696641897,698731860,700828050,702930530,705039366,707154492,709275974,711403810,713538066,715678677,717825706,719979220,722139152,724305568,726478467,728657914,730843909,733036451,735235604,737441306,739653619,741872608,744098273,746330614,748569631,750815324,753067757,755326995,757592972,759865754,762145341,764431796,766725119,769025311,771332371,773646365,775967291,778295214,780630134,782972050,785320964,787676939,790039975,792410136,794787358,797171706,799563243,801961970,804367886,806780992,809201351,811628965,814063896,816506080,818955647,821412532,823876798,826348447,828827478,831313955,833807943,836309377,838818321,841334776,843858806,846390410,848929588,851476406,854030863,856592958,859162756,861740258,864325526,866918498,869519301,872127872,874744273,877368507,880000635,882640660,885288580,887944460,890608299,893280163,895960051,898647962,901343898,904047922,906760098,909480427,912208908,914945541,917690391,920443458,923204805,925974433,928752406,931538660,934333323,937136331,939947748,942767639,945595938,948432775,951278086,954131934,956994319,959865306,962744895,965633150,968530071,971435658,974349975,977273022,980204863,983145499,986094929,989053217,992020428,994996498,997981490,1000975469,1003978435,1006990388,1010011392,1013041447,1016080617,1019128903,1022186304,1025252884,1028328644,1031413647,1034507894,1037611449,1040724312,1043846482,1046978025,1050119004,1053269354,1056429206,1059598493,1062777281,1065965634,1069163551,1072371032,1075588143,1078814882,1082051315,1085297504,1088553451,1091819155,1095094616,1098379962,1101675066,1104980056,1108295059,1111619948,1114954851,1118299768,1121654698,1125019643,1128394730,1131779959,1135175331,1138580845,1141996630,1145422685,1148859012,1152305609,1155762605,1159229871,1162707537,1166195731,1169694323,1173203443,1176723090,1180253265,1183794096,1187345454,1190907469,1194480267,1198063721,1201657960,1205262983,1208878790,1212505509,1216143013,1219791430,1223450888,1227121258,1230802669,1234495121,1238198615,1241913277,1245638981,1249375983,1253124154,1256883494,1260654132,1264436068,1268229430,1272034090,1275850176,1279677817,1283516884,1287367505,1291229681,1295103412,1298988697,1302885665,1306794316,1310714778,1314646923,1318590880,1322546648,1326514355,1330493874,1334485333,1338488860,1342504326,1346531861,1350571463,1354623262,1358687130,1362763193,1366851453,1370952039,1375064948,1379190183,1383327743,1387477756,1391640222,1395815141,1400002642,1404202725,1408415389,1412640635,1416878591,1421129257,1425392633,1429668847,1433957900,1438259791,1442574649,1446902346,1451243137,1455596895,1459963749,1464343697,1468736741,1473143009,1477562500,1481995214,1486441280

//Base - Trans Jobs
99,4001:4002:4003:4004:4005:4006:4007:4008:4009:4010:4011:4012:4013:4014:4015:4016:4017:4018:4019:4020:4021:4022,0,10,18,28,40,85,123,168,220,278,400,481,613,731,875,1038,1213,1400,1575,1775,2268,2604,2786,3136,3506,4130,4796,5508,6264,9645,12392,14220,16159,18209,21649,24451,27401,30499,33748,47342,58160,64711,71573,78749,90144,99312,108870,118816,129154,174196,213220,238080,264150,291427,329640,363155,398116,434526,472381,610848,731828,806448,884232,965180,1073896,1170382,1270556,1374422,1481976,1850800,3389616,3666333,3953534,4251217,4559382,5129260,5488173,5859059,6241919,7374168,9570662,10458427,11380262,12336168,13326144,14994907,16130400,17304206,18516326,19766760,29216160,34949880,40930560,55017900,71510400,106974000,146061000,174405000,343210000,343896395,344584167,345273319,345963849,346655758,347349046,348043745,348739822,349437278,350136145,350836423,351538079,352241147,352945625,353651514,354358813,355067524,355777645,356489178,357202153,357916539,358632367,359349607,360068289,360788415,361509983,362232994,362957448,363683345,364410717,365139532,365869789,366601522,367334729,368069379,368805505,369543105,370282180,371022730,371764755,372508287,373253294,373999776,374747765,375497261,376248232,377000710,377754695,378510187,379267186,380025724,380785769,381547321,382310412,383075010,383841148,384608824,385378039,386148794,386921087,387694920,388470291,389247234,390025716,390805769,391587361,392370524,393155258,393941564,394729440,395518888,396309907,397102529,397896722,398692519,399489886,400288857,401089431,401891608,402695388,403500772,404307759,405116349,405926574,406738402,407551866,408366965,409183699,410002068,410822073,411643713,412466988,413291899,414118477,414946690,415776570,416608118,417441333,418276215,419112765,419950982,420790867,421632450,422475702,423320652,424167270,425015587,425865604,426717320,427570735,428425850,429282696,430141242,431001519,431863495,432727203,433592643,434459814,435328716,436199350,437071747,437945876,438821768,439699392,440578779,441459930,442342844,443227522,444113963,445002168,445892168,446783932,447677492,448572847,449469966,450368880,451269622,452172159,453076492,453982621,454890577,455800361,456711940,457625348,458540582,459457645,460376535,461297285,462219862,463144299,464070564,464998689,465928673,466860517,467794221,468729784,469667239,470606554,471547761,472490859,473435817,474382667,475331409,476282074,477234631,478189080,479145453,480103718,481063907,482026019,482990055,483956015,484923899,485893739,486865502,487839222,488814897,489792529,490772116,491753659,492737158,493722613,494710056,495699455,496690842,497684216,498679579,499676930,500676268,501677595,502680942,503686276,504693631,505703006,506714400,507727815,508743250,509760737,510780244,511801803,512825382,513851013,514878696,515908432,516940219,517974091,519010014,520048022,521088114,522130290,523174551,524220895,525269324,526319837,527372466,528427211,529484040,530542986,531604048,532667226,533732552,534799995,535869586,536941325,538015180,539091184,540169368,541249668,542332149,543416810,544503651,545592673,546683875,547777257,548872820,549970563,551070486,552172590,553276938,554383467,555492240,556603194,557716392,558831834,559949457,561069324,562191436,563315792,564442393,565571238,566702391,567835790,568971432,570109384,571249580,572392084,573536833,574683890,575833257,576984931,578138915,579295207,580453807,581614716,582777934,583943460,585111359,586281567,587454083,588628973,589806234,590985805,592167748,593352064,594538752,595727814,596919248,598113055,599309234,600507851,601708840,602912266,604118064,605326300,606536908,607749954,608965436,610183355,611403711,612626503,613851733,615079399,616309567,617542171,618777212,620014754,621254797,622497277,623742258,624989740,626239723,627492207,628747192,630004678,631264665,632527153,633792206,635059760,636329879,637602499,638877684,640155434,641435750,642718631,644004076,645292087,646582663,647875804,649171510,650469846,651770746,653074276,654380435,655689159,657000513,658314496,659631108,660950349,662272219,663596719,664923912,666253734,667586250,668921395,670259233,671599765,672942926,674288780,675637328,676988569,678342503,679699195,681058580,682420659,683785495,685153025,686523312,687896356,689272159,690650654,692031907,693415982,694802814,696192403,697584750,698979919,700377845,701778593,703182163,704588490,705997638,707409609,708824400,710242014,711662449,713085770,714511913,715940941,717372791,718807527,720245148,721685591,723128920,724575135,726024235,727476285,728931221,730389043,731849815,733313472,734780080,736249637,737722144,739197537,740675944,742157300,743641607,745128864,746619070,748112290,749608525,751107709,752609908,754115120,755623346,757134587,758648841,760166110,761686392,763209753,764736127,766265580,767798111,769333656,770872279,772413980,773958760,775506681,777057681,778611759,780168979,781729277,783292718,784859301,786429026,788001893,789577903,791157055,792739349,794324786,795913429,797505214,799100205,800698403,802299808,803904354,805512172,807123195,808737425,810354861,811975568,813599482,815226666,816857120,818490781,820127712,821767978,823411514,825058321,826708399,828361811,830018494,831678511,833341863,835008550,836678571,838351927,840028618,841708643,843392067,845078826,846768983,848462476,850159367,851859656,853563345,855270432,856980918,858694867,860412215,862133026,863857299,865584972,867316107,869050705,870788766,872530291,874275342,876023856,877775897,879531401,881290432,883052990,884819075,886588687,888361826,890138556,891918814,893702598,895489974,897280940,899075498,900873647,902675388,904480719,906289642,908102219,909918389,911738213,913561693,915388763,917219489,919053935,920892036,922733792,924579267,926428398,928281248,930137754,931997979,933861923,935729651,937601099,939476266,941355216,943237886,945124339,947014576,948908596,950806400,952707988,954613359,956522578,958435580,960352430,962273128,964197673,966126066,968058307,969994395,971934331,973878179,975825939,977777546,979733065,981692496,983655839,985623094,987594324,989569467,991548585,993531679,995518685,997509667,999504689,1001503687,1003506661,1005513675,1007524665,1009539695,1011558765,1013581875,1015609025,1017640215,1019675446,1021714780,1023758155,1025805633,1027857216,1029912903,1031972695,1034036590,1036104654,1038176822,1040253158,1042333663,1044418272,1046507113,1048600123,1050697301,1052798647,1054904226,1057014037,1059128016,1061246228,1063368673,1065495414,1067626387,1069761593,1071901095,1074044894,1076192990,1078345382,1080502006,1082662992,1084828338,1086997916,1089171855,1091350155,1093532816,1095719837,1097911219,1100106962,1102307193,1104511786,1106720739,1108934181,1111151983,1113374275,1115601056,1117832197,1120067827,1122307946,1124552555,1126801652,1129055238,1131313313,1133575877,1135843058,1138114728,1140390888,1142671664,1144956929,1147246812,1149541312,1151840429,1154144035,1156452258,1158765098,1161082556,1163404631,1165731451,1168062888,1170398943,1172739743,1175085161,1177435324,1179790104,1182149629,1184513900,1186882917,1189256679,1191635186,1194018439,1196406438,1198799181,1201196799,1203599162,1206006271,1208418253,1210835109,1213256710,1215683186,1218114535,1220550757,1222991854,1225437824,1227888668,1230344385,1232805105,1235270698,1237741165,1240216634,1242696977,1245182321,1247672668,1250168017,1252668367,1255173720,1257684075,1260199431,1262719790,1265245150,1267775641,1270311134,1272851757,1275397382,1277948137,1280504023,1283065039,1285631185,1288202461,1290778867,1293360404,1295947071,1298538868,1301135924,1303738110,1306345554,1308958257,1311576090,1314199182,1316827532,1319461141,1322100008,1324744133,1327393646,1330048417,1332708446,1335373862,1338044537,1340720598,1343402046,1346088753,1348780846,1351478326,1354181193,1356889575,1359603344,1362322499,1365047170,1367777227,1370512799,1373253758,1376000232,1378752221,1381509725,1384272743,1387041277,1389815326,1392594890,1395380098,1398170820,1400967185,1403769066,1406576590,1409389757,1412208439,1415032764,1417862732,1420698473,1423539856,1426386883,1429239681,1432098122,1434962335,1437832191,1440707819,1443589218,1446476389,1449369331,1452268045,1455172530,1458082787,1460998944,1463920872,1466848700,1469782299,1472721798,1475667197,1478618496,1481575694,1484538793,1487507791,1490482817,1493463743,1496450568,1499443422,1502442304,1505447085,1508457895,1511474732,1514497598,1517526492,1520561541,1523602619,1526649725,1529702988,1532762406,1535827853,1538899456,1541977215,1545061130,1548151202,1551247430,1554349943,1557458611,1560573437,1563694546,1566821940,1569955491,1573095326,1576241446,1579393850,1582552538,1585717640,1588889026,1592066825,1595250908,1598441404,1601638185,1604841379,1608050985,1611267004,1614489436,1617718409,1620953795,1624195721,1627444061,1630698942,1633960235,1637228070,1640502445,1643783362,1647070948,1650365075,1653665743,1656973081,1660286959,1663607507,1666934724,1670268610,1673609166,1676956391,1680310285,1683670849,1687038210,1690412240,1693793069,1697180566,1700574861,1703975953,1707383843,1710798531,1714220145,1717648556,1721083764,1724525899,1727974959,1731430817,1734893600,1738363310,1741839945,1745323635,1748814250,1752311791,1755816386,1759328035,1762846610,1766372239,1769904922,1773444660,1776991451,1780545425,1784106452,1787674663,1791249927,1794832373,1798422002,1802018813,1805622807,1809233983,1812852341,1816478010,1820110861,1823751022,1827398495,1831053278,1834715371,1838384775,1842061490,1845745515,1849436979,1853135754,1856841967,1860555620,1864276711,1868005241,1871741210,1875484618,1879235593,1882994006,1886759987,1890533407,1894314394,1898102947,1901899068,1905702757,1909514140,1913333091,1917159736,1920993949,1924835858,1928685462,1932542761,1936407755,1940280573,1944161087,1948049295,1951945328,1955849184,1959760864,1963680367,1967607694,1971542844,1975485818,1979436744,1983395622,1987362324,1991336977,1995319582,1999310139,2003308648,2007315237,2011329778,2015352399,2019383101,2023421754,2027468487,2031523428,2035586450,2039657552,2043736862,2047824253,2051919851,2056023658,2060135674,2064255898,2068384330,2072521099,2076666076

//Job - Novice & Baby Novice
10,0:4023,1,4,10,18,28,40,91,151,205,268,340

//Job - 1st Classes & Baby 1st Classes
50,1:2:3:4:5:6:4024:4025:4026:4027:4028:4029:4050,1,30,43,58,76,116,180,220,272,336,520,604,699,802,948,1125,1668,1937,2226,3040,3988,5564,6272,7021,9114,11473,15290,16891,18570,23229,28359,36478,39716,43088,52417,62495,78160,84175,90404,107611,125915,153941,191781,204351,248352,286212,386371,409795,482092,509596,519787,530182,540785,551600,562631,573883,585360,597067,609008,621188,633611,646283,659208,672392,685839,699555,713546,727816,742372,757219,772363,787810,803566,819637,836029,852749,869803,887199,904942,923040,941500,960329,979535,999125,1019107,1039489,1060278,1081483,1103112,1125174,1147677,1170630,1194042,1217922,1242280,1267125,1292467,1318316,1344682,1371575,1399006,1426986,1455525,1484635,1514327,1544613,1575505,1607015,1639155,1671938,1705376,1739483,1774272,1809757,1845952,1882871,1920528,1958938,1998116,2038078,2078839,2120415,2162823,2206079,2250200,2295203,2341107,2387929,2435687,2484400,2534087,2584768,2636463,2689192,2742975,2797834,2853790,2910865,2969082,3028463,3089032,3150812,3213828,3278104,3343666,3410539,3478749,3548323,3619289,3691674,3765507,3840817,3917633,3995985,4075904,4157422,4240570,4325381,4411888,4500125,4590127,4681929,4775567,4871078,4968499,5067868,5169225,5272609,5378061,5485622,5595334,5707240,5821384,5937811,6056567,6177698,6301251,6427275,6555820,6686936,6820674,6957087,7096228,7238152,7382914,7530572,7681183,7834806,7991501,8151330,8314356,8480642,8650254,8823258,8999722,9179716,9363310,9550576,9741587,9936418,10135146,10337848,10544604,10755495,10970604,11190015,11413815,11642091,11874932,12112430,12354678,12601771,12853806,13110881,13373098,13640559,13913369,14191636,14475468,14764977,15060276,15361481,15668710,15982083,16301724,16627758,16960312,17299517,17645505,17998413,18358379,18725547,19100058,19482058,19871698,20269131,20674514,21088003,21509763,21939958,22378756,22826330,23282856,23748512,24223481,24707949,25202106,25706147,26220270,26744674,27279566,27825156,28381658,28949290,29528275

//Job - 2nd Classes & Baby 2nd Classes
50,7:8:9:10:11:12:13:14:15:16:17:18:19:20:21:4030:4031:4032:4033:4034:4035:4036:4037:4038:4039:4040:4041:4042:4043:4044:4051:4052,1,144,184,284,348,603,887,1096,1598,2540,3676,4290,4946,6679,9492,12770,14344,16005,20642,27434,35108,38577,42206,52708,66971,82688,89544,96669,117821,144921,174201,186677,199584,238617,286366,337147,358435,380376,447685,526989,610246,644736,793535,921810,1106758,1260955,1487304,1557657,1990632,2083386,2125053,2167554,2210905,2255123,2300225,2346229,2393153,2441016,2489836,2539632,2590424,2642232,2695076,2748977,2803956,2860035,2917235,2975579,3035090,3095791,3157706,3220860,3285277,3350982,3418001,3486360,3556087,3627208,3699752,3773746,3849220,3926204,4004728,4084822,4166518,4249848,4334844,4421540,4509970,4600169,4692172,4786015,4881735,4979369,5078956,5180535,5284145,5389827,5497623,5607575,5719726,5834120,5950802,6069817,6191213,6315037,6441337,6570163,6701566,6835597,6972308,7111754,7253988,7399067,7547048,7697988,7851947,8008985,8169164,8332547,8499197,8669180,8842563,9019414,9199802,9383797,9571472,9762901,9958158,10157320,10360466,10567675,10779028,10994608,11214499,11438788,11667563,11900914,12138932,12381710,12629343,12881929,13139567,13402358,13670404,13943811,14222686,14507139,14797281,15093226,15395090,15702991,16017050,16337390,16664137,16997419,17337368,17684115,18037797,18398551,18766522,19141852,19524688,19915181,20313483,20719753,21134146,21556828,21987964,22427722,22876276,23333801,23800475,24276485,24762013,25257251,25762396,26277643,26803196,27339259,27886044,28443764,29012638,29592890,30184747,30788442,31404210,32032293,32672937,33326394,33992921,34672777,35366230,36073555,36795026,37530923,38281541,39047170,39828110,40624673,41437164,42265906,43111221,43973443,44852912,45749969,46664966,47598266,48550228,49521231,50511655,51521888,52552324,53603369,54675434,55768939,56884317,58022001,59182438,60366087,61573408,62804874,64060968,65342186,66649026,67982003,69341638,70728471,72143040,73585899,75057612,76558766,78089941,79651741,81244777,82869669,84527063,86217603,87941950,89700789,91494806,93324702,95191196,97095022,99036922,101017656,103038007,105098766,107200741,109344756,111531644,113762278,116037523,118358268,120725435

//Job - Novice High
10,4001,1,4,11,20,31,44,100,166,226,295,374

//Job - Adv First Classes
50,4002:4003:4004:4005:4006:4007,1,60,86,116,152,232,360,440,544,672,1040,1208,1398,1604,1896,2250,3336,3874,4452,6080,7976,11128,12544,14042,18228,28683,38225,42228,46425,58073,70898,91195,99290,107720,131043,156238,195400,210438,226010,269028,314788,384853,479453,510878,620880,715530,965928,1024488,1205230,1273990,1299469,1325458,1351967,1379006,1406586,1434717,1463411,1492679,1522532,1552982,1584041,1615721,1648035,1680995,1714614,1748906,1783884,1819561,1855952,1893071,1930932,1969550,2008940,2049118,2090100,2131901,2174538,2218028,2262388,2307635,2353787,2400862,2448879,2497856,2547813,2598769,2650744,2703758,2757833,2812989,2869248,2926632,2985164,3044867,3105764,3167879,3231236,3295860,3361777,3429012,3497592,3567543,3638893,3711670,3785903,3861620,3938852,4017628,4097980,4179939,4263537,4348807,4435783,4524498,4614987,4707286,4801431,4897459,4995408,5095316,5197222,5301166,5407189,5515332,5625638,5738150,5852912,5969970,6089369,6211156,6335379,6462086,6591327,6723153,6857615,6994767,7134662,7277355,7422901,7571358,7722785,7877240,8034784,8195479,8359388,8526575,8697106,8871047,9048467,9229436,9414024,9602304,9794349,9990235,10190039,10393839,10601715,10813749,11030023,11250623,11475635,11705147,11939249,12178033,12421593,12670024,12923424,13181892,13445529,13714439,13988727,14268501,14553870,14844947,15141845,15444681,15753574,16068645,16390017,16717817,17052173,17393215,17741079,18095901,18457817,18826971,19203511,19587581,19979331,20378918,20786495,21202225,21626268,22058792,22499967,22949966,23408964,23877142,24354684,24841777,25338611,25845383,26362291,26889537,27427326,27975871,28535388,29106095,29688217,30281979,30887619,31505371,32135478,32778186,33433749,34102422,34784471,35480160,36189762,36913554,37651822,38404859,39172956,39956414,40755543,41570654,42402068,43250108,44115109,44997409,45897355,46815302,47751609,48706639,49680771,50674386,51687870,52721628,53776059,54851580,55948610,57067579,58208930,59373105,60560564,61771774,63007210,64267350,65552697,66863748,68201021,69565043,70956339,72375461,73822971

//Job - Adv Second Classes
70,4008:4009:4010:4011:4012:4013:4014:4015:4016:4017:4018:4019:4020:4021:4022,1,288,368,568,696,1206,1774,2192,3196,5080,7352,8580,9892,13358,18984,31925,35860,40013,51605,68585,87770,96443,105515,131770,167428,206720,223860,241673,294553,362303,479053,513362,548856,656197,787507,927154,985696,1046034,1231134,1449220,1678177,1773024,2182221,2534978,3043585,3782865,4461912,4672971,5971896,6250158,6875174,7562691,8318960,9150856,10065942,11877812,14015818,16538665,19515624,23028437,28094693,34275525,41816141,51015692,62239144,79666104,101972614,130524946,167071930,213852071,215990582,218150479,220331982,222535301,224760646,227008244,229278320,231571101,233886812,236225681,238587934,240973813,243383543,245817369,248275547,250758305,253265884,255798544,258356527,260940090,263549494,266184980,268846823,271535281,274250646,276993159,279763080,282560700,285386308,288240164,291122558,294033782,296974127,299943850,302943275,305972693,309032428,312122737,315243976,318396404,321580377,324796184,328044150,331324598,334637850,337984231,341364063,344777701,348225469,351707723,355224785,358777044,362364823,365988476,369648361,373344831,377078276,380849051,384657542,388504107,392389133,396313007,400276118,404278885,408321664,412404876,416528908,420694180,424901113,429150127,433441609,437776011,442153755,446575293,451041044,455551462,460106966,464708041,469355107,474048650,478789121,483577006,488412757,493296891,498229860,503212149,508244276,513326726,518459982,523644562,528881016,534169829,539511517,544906597,550355685,555859263,561417851,567032029,572702314,578429353,584213664,590055762,595956295,601915845,607934992,614014319,620154473,626356035,632619586,638945773,645335243,651788578,658306487,664889554,671538425,678253809,685036355,691886708,698805580,705793617,712851529,719980028,727179825,734451631,741796157,749214114,756706278,764273359,771916070,779635249,787431609,795305924,803258971,811291525,819404427,827598452,835874440,844233168,852675475,861202202,869814189,878512341,887297434,896170373,905132063,914183343,923325184,932558427,941883975,951302798,970328821,989735390,1009530048,1029720629,1050315033,1071321288,1092747685,1114602580,1136894655,1159632462,1182825140,1206481567,1230611143,1255223400,1280327868,1305934339,1332052997,1358694026,1385867870,1413585235,1441856958,1470694006,1500107868,1530110033,1560712252,1591926406,1623764897,1656240130,1689364898,1723152129,1757615137,1792767372,1828622673,1865195139,1902499003

//Job - Ninja/Gunslinger
70,24:25,1,72,92,142,174,301,443,548,799,1270,1838,2145,2473,3339,4746,6385,7172,8002,10321,13717,17554,19288,21103,26354,33485,41344,44772,48334,58910,72460,87100,93338,99792,119308,143183,231068,257377,274363,314246,371105,431038,476309,588548,665256,801731,916689,1130023,1188623,1377408,1551289,1746582,1845236,1954741,2124555,2345698,2548763,2759555,3021488,3254111,3489547,3695474,4012251,4181112,4302211,4496584,4578951,4869523,5022114,5123654,5395117,5449068,5503558,5558593,5614178,5670319,5727022,5784292,5842134,5900555,5959560,6019155,6079346,6140139,6201540,6263555,6326190,6389451,6453345,6517878,6583056,6648886,6715374,6782527,6850352,6918855,6988043,7057923,7128502,7199786,7271783,7344500,7417944,7492123,7567044,7642714,7719141,7796332,7874295,7953037,8032567,8112892,8194020,8275960,8358719,8442306,8526728,8611995,8698114,8785095,8872945,8961674,9051290,9141802,9233219,9325551,9418806,9512993,9608122,9704203,9801244,9899256,9998248,10098230,10199212,10301204,10404215,10508257,10613339,10719472,10826666,10934932,11044281,11154723,11266270,11378932,11492721,11607648,11723724,11840961,11959370,12078963,12199752,12321749,12444966,12569415,12695109,12822059,12950279,13079781,13210578,13342683,13476109,13610869,13746977,13884446,14023290,14163522,14305157,14448208,14592689,14738615,14886001,15034860,15185208,15337059,15490429,15645333,15801786,15959803,16119400,16280593,16443398,16607831,16773909,16941647,17111064,17282174,17454995,17629545,17805839,17983898,18163736,18345373,18528825,18714112,18901252,19090264,19281166,19473977,19668715,19865402,20064055,20264696,20467342,20672015,20878735,21087523,21298399,21511383,21726497,21943760,22163197,22384827,22608676,22834762,23063109,23293738,23526675,23761942,23999561,24239555,24481951,24726771,24974039,25223780,25476017,25730775,25988083,26247964,26510443,26775548,27043303,27313736,27586873,27862740,28141367,28422781,28707007,28994077,29284016,29576855,29872624,30171349,30473061,30777790,31085567,31396423,31710387,32027491,32347766,32671243,32997956,33327935,33661215,33997827

//Job - Taekwon (Same EXP table as 1st Classes & Baby 1st Classes)
50,4046,1,30,43,58,76,116,180,220,272,336,520,604,699,802,948,1125,1668,1937,2226,3040,3988,5564,6272,7021,9114,11473,15290,16891,18570,23229,28359,36478,39716,43088,52417,62495,78160,84175,90404,107611,125915,153941,191781,204351,248352,286212,386371,409795,482092,509596,519787,530182,540785,551600,562631,573883,585360,597067,609008,621188,633611,646283,659208,672392,685839,699555,713546,727816,742372,757219,772363,787810,803566,819637,836029,852749,869803,887199,904942,923040,941500,960329,979535,999125,1019107,1039489,1060278,1081483,1103112,1125174,1147677,1170630,1194042,1217922,1242280,1267125,1292467,1318316,1344682,1371575,1399006,1426986,1455525,1484635,1514327,1544613,1575505,1607015,1639155,1671938,1705376,1739483,1774272,1809757,1845952,1882871,1920528,1958938,1998116,2038078,2078839,2120415,2162823,2206079,2250200,2295203,2341107,2387929,2435687,2484400,2534087,2584768,2636463,2689192,2742975,2797834,2853790,2910865,2969082,3028463,3089032,3150812,3213828,3278104,3343666,3410539,3478749,3548323,3619289,3691674,3765507,3840817,3917633,3995985,4075904,4157422,4240570,4325381,4411888,4500125,4590127,4681929,4775567,4871078,4968499,5067868,5169225,5272609,5378061,5485622,5595334,5707240,5821384,5937811,6056567,6177698,6301251,6427275,6555820,6686936,6820674,6957087,7096228,7238152,7382914,7530572,7681183,7834806,7991501,8151330,8314356,8480642,8650254,8823258,8999722,9179716,9363310,9550576,9741587,9936418,10135146,10337848,10544604,10755495,10970604,11190015,11413815,11642091,11874932,12112430,12354678,12601771,12853806,13110881,13373098,13640559,13913369,14191636,14475468,14764977,15060276,15361481,15668710,15982083,16301724,16627758,16960312,17299517,17645505,17998413,18358379,18725547,19100058,19482058,19871698,20269131,20674514,21088003,21509763,21939958,22378756,22826330,23282856,23748512,24223481,24707949,25202106,25706147,26220270,26744674,27279566,27825156,28381658,28949290,29528275

//Job - Star Gladiator
50,4047:4048,1,27434,27434,27434,27434,27434,27434,27434,27434,27434,27434,27434,27434,27434,27434,27434,27434,27434,27434,54868,70216,77154,84412,105416,133924,165376,179008,193338,235642,289842,348402,373354,399168,477234,572732,674294,716870,760752,895370,1053978,1220492,1289472,1587070,1843620,2213516,2521910,2974608,3115314,3981264,5166772,5218439,5270623,5323329,5376562,5430327,5484630,5539476,5594870,5650818,5707326,5764399,5822042,5880262,5939064,5998454,6058438,6119022,6180212,6242014,6304434,6367478,6431152,6495463,6560417,6626021,6692281,6759203,6826794,6895061,6964011,7033651,7103987,7175026,7246776,7319243,7392435,7466359,7541022,7616432,7692596,7769521,7847216,7925688,8004944,8084993,8165842,8247500,8329974,8413273,8497405,8582378,8668201,8754882,8842430,8930854,9020162,9110363,9201466,9293480,9386414,9480278,9575080,9670830,9767538,9865213,9963865,10063503,10164137,10265778,10368435,10472119,10576840,10682608,10789433,10897327,11006300,11116362,11227525,11339800,11453197,11567728,11683405,11800238,11918240,12037422,12157796,12279373,12402166,12526187,12651448,12777962,12905741,13034798,13165145,13296796,13429763,13564060,13699700,13836696,13975062,14114812,14255959,14398518,14542503,14687927,14834806,14983153,15132984,15284313,15437155,15591526,15747441,15904915,16063963,16224602,16386847,16550715,16716221,16883383,17052217,17222737,17394963,17568913,17744600,17922045,18101264,18282276,18465098,18649748,18836245,19024606,19214851,19407000,19601069,19797078,19995048,20194998,20396947,20600917,20806924,21014993,21225141,21437391,21651765,21868281,22086962,22307831,22530910,22756218,22983779,23213617,23445751,23680209,23917009,24156177,24397737,24641713,24888128,25137009,25388377,25642259,25898682,26157668,26419244,26683436,26950270,27219772,27491969,27766887,28044556,28325001,28608249,28894330,29183273,29475104,29769854,30067552,30368227,30671909,30978626,31288411,31601295,31917308,32236480,32558844,32884432,33213276,33545408,33880861,34219668,34561864,34907482,35256554,35609117,35965206,36324859,36688108,37054988,37425537,37799791,38177789,38559565,38945159,39334611,39727957

//Job - Soul Linker (Same EXP table as 2nd Classes & Baby 2nd Classes)
50,4049,1,144,184,284,348,603,887,1096,1598,2540,3676,4290,4946,6679,9492,12770,14344,16005,20642,27434,35108,38577,42206,52708,66971,82688,89544,96669,117821,144921,174201,186677,199584,238617,286366,337147,358435,380376,447685,526989,610246,644736,793535,921810,1106758,1260955,1487304,1557657,1990632,2083386,2125053,2167554,2210905,2255123,2300225,2346229,2393153,2441016,2489836,2539632,2590424,2642232,2695076,2748977,2803956,2860035,2917235,2975579,3035090,3095791,3157706,3220860,3285277,3350982,3418001,3486360,3556087,3627208,3699752,3773746,3849220,3926204,4004728,4084822,4166518,4249848,4334844,4421540,4509970,4600169,4692172,4786015,4881735,4979369,5078956,5180535,5284145,5389827,5497623,5607575,5719726,5834120,5950802,6069817,6191213,6315037,6441337,6570163,6701566,6835597,6972308,7111754,7253988,7399067,7547048,7697988,7851947,8008985,8169164,8332547,8499197,8669180,8842563,9019414,9199802,9383797,9571472,9762901,9958158,10157320,10360466,10567675,10779028,10994608,11214499,11438788,11667563,11900914,12138932,12381710,12629343,12881929,13139567,13402358,13670404,13943811,14222686,14507139,14797281,15093226,15395090,15702991,16017050,16337390,16664137,16997419,17337368,17684115,18037797,18398551,18766522,19141852,19524688,19915181,20313483,20719753,21134146,21556828,21987964,22427722,22876276,23333801,23800475,24276485,24762013,25257251,25762396,26277643,26803196,27339259,27886044,28443764,29012638,29592890,30184747,30788442,31404210,32032293,32672937,33326394,33992921,34672777,35366230,36073555,36795026,37530923,38281541,39047170,39828110,40624673,41437164,42265906,43111221,43973443,44852912,45749969,46664966,47598266,48550228,49521231,50511655,51521888,52552324,53603369,54675434,55768939,56884317,58022001,59182438,60366087,61573408,62804874,64060968,65342186,66649026,67982003,69341638,70728471,72143040,73585899,75057612,76558766,78089941,79651741,81244777,82869669,84527063,86217603,87941950,89700789,91494806,93324702,95191196,97095022,99036922,101017656,103038007,105098766,107200741,109344756,111531644,113762278,116037523,118358268,120725435

//Job - Super Novice & Baby Super Novice
99,23:4045,1,30,43,58,76,116,180,220,272,336,520,604,699,802,948,1125,1668,1937,2226,3040,3988,5564,6272,7021,9114,11473,15290,16891,18570,23229,28359,36478,39716,43088,52417,62495,78160,84175,90404,107611,125915,153941,191781,204351,248352,286212,386371,409795,482092,509596,982092,992092,1002092,1012092,1022092,1032092,1042092,1052092,1062092,1072092,1082092,1092092,1102092,1112092,1122092,1132092,1142092,1152092,1162092,1172092,1182092,1192092,1202092,1212092,1222092,1232092,1242092,1252092,1262092,1272092,1282092,1292092,1302092,1312092,1322092,1332092,1342092,1352092,1362092,1372092,1382092,1392092,1402092,1412092,1422092,1432092,1442092,1452092,1462092,1491333,1521159,1551582,1582613,1614265,1646550,1679480,1713069,1747330,1782276,1817921,1854279,1891364,1929191,1967774,2007129,2047271,2088216,2129980,2172579,2216030,2260350,2305556,2351667,2398700,2446673,2495606,2545518,2596428,2648356,2701323,2755349,2810455,2866664,2923997,2982476,3042125,3102967,3165026,3228326,3292892,3358749,3425923,3494441,3564329,3635615,3708327,3782493,3858142,3935304,4014010,4094290,4176175,4259698,4344891,4431788,4520423,4610831,4703047,4797107,4893049,4990909,5090727,5192541,5296391,5402318,5510364,5620571,5732982,5847641,5964593,6083884,6205561,6329672,6456265,6585390,6717097,6851438,6988466,7128235,7270799,7416214,7564538,7715828,7870144,8027546,8188096,8351857,8518893,8689270,8863055,9040315,9221121,9405543,9593653,9785525,9981235,10180859,10384475,10592164,10804007,11020086,11240487,11465296,11694601,11928492,12167061,12410401,12658608,12911779,13170014,13433414,13702082,13976123,14255645,14540757,14831571,15128202,15430765,15739380,16054167,16375250,16702754,17036808,17377543,17725094,18079595,18441187,18810011,19186211,19569935,19961334,20360560,20767770,21183125,21606786,22038921,22479697,22929289,23387873,23855628,24332740,24819394,25315781,25822095,26338537,26865306,27402611,27950663,28509676,29079868,29661464,30254692,30859785,31476979,32106518



//================================
// Renewal content (required for some core features)
//================================

//Base - 3rd Jobs, Baby 3rds, Expanded Super Novice, Kagerou/Oboro, and Rebellion
//Note: (First 98 values [Level 1 - 98] are dummy values (used Adv Jobs values), because 3rd classes start at level 99.)
99,4054:4055:4056:4057:4058:4059:4060:4061:4062:4063:4064:4065:4066:4067:4068:4069:4070:4071:4072:4073:4074:4075:4076:4077:4078:4079:4080:4081:4082:4083:4084:4085:4086:4087:4096:4097:4098:4099:4100:4101:4102:4103:4104:4105:4106:4107:4108:4109:4110:4111:4112:4190:4191:4211:4212:4215,0,10,18,28,40,85,123,168,220,278,400,481,613,731,875,1038,1213,1400,1575,1775,2268,2604,2786,3136,3506,4130,4796,5508,6264,9645,12392,14220,16159,18209,21649,24451,27401,30499,33748,47342,58160,64711,71573,78749,90144,99312,108870,118816,129154,174196,213220,238080,264150,291427,329640,363155,398116,434526,472381,610848,731828,806448,884232,965180,1073896,1170382,1270556,1374422,1481976,1850800,3389616,3666333,3953534,4251217,4559382,5129260,5488173,5859059,6241919,7374168,9570662,10458427,11380262,12336168,13326144,14994907,16130400,17304200,18516326,19766760,21085096,22473939,23935933,25473761,27090141,28787825,30569594,32438257,34396650,36447628,38594068,40838862,43184915,45635142,48192464,50859807,53640095,56536248,59551182,62687799,65948990,69337627,72856561,76508620,80296602,84223275,88291372,92503586,96862571,101370933,106031232,110845975,115817614,120948544,126241098,131697545,137320088,143110859,149071919,155205253,161512770,167996297,174657580,181498280,188519973,195724146,203112195,210685425,218445048,226392181,234527844,242852961,251368358,260074760,268972793,278062983,287345754,296821429,306490229,316352273,326407578,336656059,347097530,357731703,368558190,379576502,390786051,402186149,413776012,425554759,437521412,449674899,462014055,474537623,487244256,500132518,513200886,526447751,539871420,553470119,567241993,581185110,595297462,609576966,624021468,638628745,653396504,668322389,683403980,698638797,714024301,729557897,745236936,761058717,777020492,793119465,809352795,825717601,842210961,858829917,875571475,892432609,909410264,926501355,943702774,961011389,978424047,995937576,1013548788,1031254481,1049051440,1066936441,1084906252,1102957634,1121087346,1139292145,1157568786,1175914029,1194324635,1212797373,1231329018,1249916355,1268556179,1287245299,1305980536,1324758729,1343576732,1362431419,1381319683,1400238439,1419184625,1438155202,1457147157,1476157502,1495183278,1514221554,1533269429,1552324031,1571382520,1590442090,1609499966,1628553409,1647599713,1666636209,1685660263,1704669278,1723660695,1742631992,1761580687,1780504336,1799400534,1818266916,1837101157,1855900974,1874664122,1893388399,1912071644,1930711737,1949306600,1967854196,1986352530,2004799649,2023193642,2041532640,2059814816,2078038384,2096201600,2114302763,2132340212,2150312328,2168217533,2186054291,2203821106,2221516523,2239139127,2256687544,2274160439,2291556517,2308874523,2326113241,2343271492,2360348137,2377342074,2394252239,2411077605,2427817182,2444470016,2461035190,2477511822,2493899065,2510196107,2526402170,2542516509,2558538414,2574467207,2590302243,2606042908,2621688620,2637238829,2652693014,2668050684,2683311379,2698474666,2713540143,2728507434,2743376192,2758146097,2772816855,2787388198,2801859883,2816231694,2830503439,2844674950,2858746082,2872716714,2886586747,2900356105,2914024733,2927592598,2941059688,2954426010,2967691593,2980856483,2993920747,3006884469,3019747752,3032510717,3045173501,3057736259,3070199161,3082562393,3094826158,3106990673,3119056170,3131022894,3142891106,3154661079,3166333099,3177907466,3189384491,3200764497,3212047820,3223234805,3234325809,3245321200,3256221356,3267026664,3277737521,3288354333,3298877514,3309307489,3319644689,3329889553,3340042528,3350104069,3360074637,3369954700,3379744733,3389445216,3399056636,3408579485,3418014261,3427361466,3436621608,3445795199,3454882755,3463884797,3472801849,3481634440,3490383101,3499048368,3507630778,3516130872,3524549194,3532886290,3541142708,3549318998,3557415713,3565433406,3573372633,3581233950,3589017916,3596725090,3604356032,3611911302,3619391462,3626797073,3634128697,3641386897,3648572235,3655685273,3662726573,3669696697,3676596205,3683425658,3690185617,3696876640,3703499285,3710054109,3716541669,3722962519,3729317213,3735606303,3741830339,3747989871,3754085446,3760117610,3766086907,3771993879,3777839066,3783623006,3789346235,3795009287,3800612694,3806156985,3811642688,3817070327,3822440424,3827753500,3833010071,3838210653,3843355757,3848445893,3853481568,3858463286,3863391548,3868266853,3873089696,3877860570,3882579965,3887248368,3891866263,3896434130,3900952448,3905421692,3909842333,3914214841,3918539681,3922817316,3927048205,3931232805,3935371569,3939464947,3943513385,3947517328,3951477216,3955393486,3959266573,3963096907,3966884916,3970631025,3974335655,3977999224,3981622147,3985204835,3988747697,3992251137,3995715558,3999141358,4002528933,4005878676,4009190975,4012466216,4015704782,4018907052,4022073402,4025204206,4028299834,4031360652,4034387025,4037379312,4040337871,4043263057,4046155220,4049014709,4051841869,4054637042,4057400566,4060132778,4062834010,4065504592,4068144851,4070755111,4073335693,4075886914,4078409090,4080902532,4083367550,4085804450,4088213536,4090595108,4092949463,4095276897,4097577701,4099852165,4102100575,4104323215,4106520366,4108692307,4110839312,4112961655,4115059606,4117133433,4119183400,4121209770,4123212802,4125192754,4127149880,4129084433,4130996662,4132886814,4134755133,4136601862,4138427240,4140231505,4142014891,4143777631,4145519954,4147242089,4148944261,4150626693,4152289606,4153933218,4155557746,4157163403,4158750402,4160318952,4161869260,4163401532,4164915971,4166412777,4167892150,4169354286,4170799380,4172227625,4173639211,4175034327,4176413160,4177775894,4179122712,4180453795,4181769321,4183069467,4184354408,4185624318,4186879367,4188119725,4189345560,4190557037,4191754321,4192937573,4194106954,4195262623,4196404736,4197533449,4198648916,4199751289,4200840717,4201917350,4202981334,4204032815,4205071936,4206098840,4207113668,4208116558,4209107648,4210087074,4211054971,4212011472,4212956708,4213890810,4214813906,4215726123,4216627588,4217518424,4218398755,4219268703,4220128387,4220977927,4221817441,4222647044,4223466852,4224276979,4225077537,4225868637,4226650390,4227422904,4228186286,4228940643,4229686080,4230422700,4231150607,4231869902,4232580686,4233283058,4233977116,4234662957,4235340677,4236010370,4236672131,4237326053,4237972227,4238610743,4239241692,4239865161,4240481239,4241090012,4241691565,4242285983,4242873350,4243453749,4244027261,4244593967,4245153947,4245707279,4246254042,4246794313,4247328169,4247855684,4248376933,4248891990,4249400928,4249903818,4250400732,4250891740,4251376912,4251856316,4252330020,4252798092,4253260597,4253717602,4254169171,4254615368,4255056257,4255491900,4255922359,4256347695,4256767969,4257183240,4257593568,4257999011,4258399627,4258795472,4259186603,4259573076,4259954946,4260332267,4260705093,4261073477,4261437472,4261797129,4262152500,4262503636,4262850586,4263193401,4263532129,4263866819,4264197518,4264524274,4264847134,4265166143,4265481348,4265792793,4266100523,4266404582,4266705014,4267001861,4267295166,4267584971,4267871318,4268154248,4268433801,4268710017,4268982936,4269252597,4269519039,4269782300,4270042418,4270299430,4270553373,4270804284,4271052198,4271297151,4271539179,4271778316,4272014596,4272248054,4272478723,4272706636,4272931826,4273154325,4273374166,4273591380,4273805998,4274018051,4274227570,4274434585,4274639125,4274841221,4275040901,4275238194,4275433128,4275625732,4275816033,4276004059,4276189837,4276373393,4276554754,4276733946,4276910995,4277085927,4277258767,4277429540,4277598270,4277764982,4277929700,4278092447,4278253247,4278412124,4278569100,4278724198,4278877440,4279028849,4279178446,4279326253,4279472291,4279616582,4279759146,4279900004,4280039176,4280176683,4280312544,4280446779,4280579407,4280710448,4280839920,4280967842,4281094233,4281219111,4281342494,4281464400,4281584846,4281703850,4281821429,4281937601,4282052382,4282165788,4282277836,4282388543,4282497924,4282605995,4282712772,4282818270,4282922505,4283025492,4283127245,4283227779,4283327109,4283425250,4283522215,4283618019,4283712675,4283806197,4283898599,4283989894,4284080096,4284169217,4284257270,4284344268,4284430224,4284515150,4284599059,4284681963,4284763873,4284844802,4284924761,4285003762,4285081817,4285158936,4285235131,4285310413,4285384793,4285458282,4285530890,4285602628,4285673507,4285743536,4285812726,4285881087,4285948628,4286015360,4286081292,4286146434,4286210795,4286274385,4286337213,4286399288,4286460619,4286521215,4286581084,4286640236,4286698679,4286756421,4286813471,4286869837,4286925527,4286980550,4287034913,4287088625,4287141693,4287194125,4287245928,4287297110,4287347678,4287397640,4287447003,4287495774,4287543961,4287591570,4287638608,4287685082,4287730999,4287776365,4287821187,4287865472,4287909226,4287952455,4287995166,4288037365,4288079058,4288120251,4288160950,4288201161,4288240890,4288280143,4288318925,4288357242,4288395099,4288432502,4288469457,4288505969,4288542043,4288577684,4288612898,4288647690,4288682064,4288716026,4288749581,4288782733,4288815488,4288847850,4288879824,4288911414,4288942626,4288973463,4289003930,4289034032,4289063773,4289093157,4289122189,4289150873,4289179213,4289207213,4289234877,4289262209,4289289213,4289315893,4289342253,4289368297,4289394029,4289419452,4289444570,4289469387,4289493906,4289518131,4289542066,4289565714,4289589078,4289612162,4289634969,4289657502,4289679765,4289701761,4289723493,4289744964,4289766178,4289787137,4289807845,4289828305,4289848519,4289868491,4289888223,4289907718,4289926979,4289946009,4289964811,4289983388,4290001742,4290019876,4290037792,4290055493,4290072982,4290090261,4290107333,4290124200,4290140865,4290157330,4290173597,4290189669,4290205548,4290221237,4290236737,4290252051,4290267182,4290282131,4290296901,4290311494,4290325912,4290340157,4290354231,4290368136,4290381874,4290395447,4290408857,4290422107,4290435198,4290448132,4290460910,4290473535,4290486009,4290498333,4290510509,4290522539,4290534425,4290546168,4290557770,4290569233,4290580558,4290591748,4290602803,4290613726,4290624518,4290635180,4290645714,4290656122,4290666405,4290676565,4290686603,4290696520,4290706318,4290715999,4290725564,4290735014,4290744350,4290753574,4290762688,4290771692,4290780588,4290789378,4290798062,4290806642,4290815119,4290823494,4290831769,4290839944,4290848021,4290856001,4290863886,4290871676,4290879373,4290886977,4290894490,4290901913,4290909247,4290916493,4290923652,4290930725,4290937713,4290944617,4290951438,4290958178,4290964837,4290971416,4290977916,4290984338,4290990683,4290996952,4291003145,4291009264,4291015310,4291021283,4291027184,4291033015,4291038776,4291044468,4291050091,4291055647,4291061136,4291066559,4291071917,4291077211,4291082441,4291087609,4291092715,4291097759,4291102743,4291107667,4291112532,4291117338,4291122087,4291126779

//Job - 3rd Jobs, Baby 3rds, Expanded Super Novice, Kagerou/Oboro, and Rebellion
50,4054:4055:4056:4057:4058:4059:4060:4061:4062:4063:4064:4065:4066:4067:4068:4069:4070:4071:4072:4073:4074:4075:4076:4077:4078:4079:4080:4081:4082:4083:4084:4085:4086:4087:4096:4097:4098:4099:4100:4101:4102:4103:4104:4105:4106:4107:4108:4109:4110:4111:4112:4190:4191:4211:4212:4215,1,368,568,696,1206,1774,2192,3196,5080,7352,8580,9892,13358,18984,31925,35860,40013,51605,68585,87770,96443,105515,131770,167428,206720,223860,241673,294553,362303,479053,513362,548856,656197,787507,927154,985696,1046034,1231134,1449220,1678177,1943306,2244059,2584282,2968115,3400000,3884688,4427246,5033064,5707855,6457661,7288852,8208125,9222500,10339317,11566230,12911197,14382470,15988583,17738338,19640789,21705223,23941143,26358244,28966392,31775600,34796000,38037819,41511350,45226922,49194872,53425513,57929105,62715823,67795725,73178721,78874542,84892710,91242506,97932943,104972733,112370263,120133566,128270295,136787699,145692601,154991375,164689926,174793673,185307530,196235893,207582627,219351052,231543938,244163492,257211358,270688607,284595740,298932685,313698799,328892871,344513126,360557232,377022309,393904936,411201163,428906522,447016041,465524258,484425237,503712583,523379460,543418608,563822364,584582678,605691135,627138976,648917115,671016163,693426449,716138040,739140762,762424222,785977830,809790819,833852265,858151108,882676174,907416194,932359821,957495652,982812246,1008298142,1033941875,1059731995,1085657082,1111705763,1137866726,1164128735,1190480643,1216911407,1243410098,1269965914,1296568193,1323206421,1349870242,1376549469,1403234090,1429914278,1456580397,1483223010,1509832883,1536400993,1562918530,1589376904,1615767747,1642082917,1668314501,1694454815,1720496409,1746432067,1772254807,1797957882,1823534782,1848979230,1874285184,1899446836,1924458610,1949315159,1974011367,1998542342,2022903418,2047090150,2071098310,2094923887,2118563083,2142012307,2165268175,2188327503,2211187307,2233844796,2256297369,2278542611,2300578289,2322402347,2344012903,2365408244,2386586822,2407547248,2428288289,2448808865,2469108042,2489185029,2509039173,2528669956,2548076989,2567260008,2586218871,2604953553,2623464142,2641750834,2659813929,2677653830,2695271035,2712666136,2729839813,2746792832,2763526041,2780040365,2796336805,2812416433,2828280388,2843929874,2859366157,2874590560,2889604462,2904409294,2919006536,2933397714,2947584399,2961568203,2975350775,2988933801,3002319001,3015508125,3028502953,3041305291,3053916970,3066339843,3078575783,3090626683,3102494451,3114181011,3125688300,3137018266,3148172868,3159154072,3169963851,3180604184,3191077054,3201384446,3211528348,3221510747,3231333629,3240998979,3250508779,3259865006,3269069632,3278124624,3287031942,3295793538,3304411356,3312887331,3321223387,3329421440,3337483392,3345411135,3353206549,3360871500,3368407842,3375817414,3383102041,3390263534,3397303689,3404224286,3411027090,3417713850,3424286299,3430746152,3437095109,3443334852,3449467047,3455493342,3461415367,3467234735,3472953041,3478571863,3484092761,3489517276,3494846931,3500083232,3505227667,3510281705,3515246797,3520124376,3524915857,3529622637,3534246095,3538787592,3543248471,3547630058,3551933659,3556160565,3560312047,3564389360,3568393741,3572326410,3576188570,3579981406,3583706087,3587363764,3590955573,3594482632,3597946043,3601346892,3604686248,3607965165,3611184681,3614345817,3617449581,3620496963,3623488939,3626426470,3629310502,3632141966,3634921779,3637650842,3640330044,3642960259,3645542346,3648077152,3650565509,3653008236,3655406140,3657760013,3660070635,3662338774,3664565184,3666750607,3668895774,3671001402,3673068197,3675096854,3677088055,3679042471,3680960763,3682843579,3684691557,3686505325,3688285499,3690032685,3691747478,3693430465,3695082220,3696703310,3698294290,3699855707,3701388097,3702891989,3704367901,3705816342,3707237813,3708632806,3710001804,3711345282,3712663706,3713957535,3715227220,3716473203,3717695918,3718895792,3720073245,3721228689,3722362528,3723475160,3724566975,3725638356,3726689680,3727721318,3728733632,3729726979,3730701710,3731658168,3732596692,3733517613,3734421257,3735307945,3736177990,3737031701,3737869381,3738691328,3739497833,3740289184,3741065662,3741827543,3742575099,3743308597,3744028298,3744734459,3745427333,3746107167,3746774204,3747428682,3748070836,3748700896,3749319088,3749925634,3750520750,3751104651,3751677546,3752239641,3752791138,3753332236,3753863129,3754384008,3754895060,3755396470,3755888418,3756371081,3756844634,3757309248,3757765090,3758212325,3758651114,3759081616,3759503986,3759918377,3760324939,3760723819,3761115161,3761499107,3761875797,3762245366,3762607949,3762963676,3763312677,3763655079,3763991005,3764320578,3764643917,3764961140,3765272361,3765577694,3765877250,3766171137,3766459463,3766742332,3767019847,3767292109,3767559217,3767821269,3768078359,3768330582,3768578029,3768820790,3769058954,3769292607,3769521835,3769746721,3769967347,3770183794,3770396141,3770604465,3770808842,3771009346,3771206051,3771399029,3771588350,3771774083,3771956296,3772135055,3772310426,3772482473,3772651259,3772816845,3772979292,3773138659,3773295005,3773448386,3773598859,3773746479,3773891300,3774033375,3774172755,3774309492,3774443636,3774575236,3774704340,3774830995,3774955248,3775077144,3775196728,3775314043,3775429133,3775542040,3775652805,3775761468,3775868070,3775972649,3776075244,3776175892,3776274631,3776371496,3776466523,3776559747,3776651202,3776740921,3776828938,3776915285,3776999993,3777083093,3777164616,3777244592,3777323050,3777400019,3777475527,3777549602,3777622271,3777693560,3777763496,3777832105,3777899411,3777965440,3778030215,3778093760,3778156099,3778217255,3778277250,3778336106,3778393844,3778450486,3778506053,3778560565,3778614042,3778666503,3778717968,3778768456,3778817986,3778866575,3778914242,3778961003,3779006877,3779051880,3779096028,3779139338,3779181825,3779223505,3779264394,3779304506,3779343857,3779382460,3779420330,3779457481,3779493927,3779529681,3779564756,3779599164,3779632919,3779666033,3779698518,3779730386,3779761649,3779792318,3779822405,3779851920,3779880875,3779909280,3779937145,3779964481,3779991298,3780017605,3780043413,3780068731,3780093568,3780117933,3780141835,3780165283,3780188286,3780210852,3780232989,3780254706,3780276010,3780296909,3780317412,3780337525,3780357256,3780376612,3780395601,3780414229,3780432503,3780450430,3780468016,3780485268,3780502193,3780518796,3780535084,3780551062,3780566737,3780582114,3780597199,3780611997,3780626514,3780640755,3780654726,3780668431,3780681876,3780695066,3780708005,3780720698,3780733150,3780745366,3780757349,3780769105,3780780637,3780791950,3780803048,3780813936,3780824617,3780835095,3780845374,3780855458,3780865350,3780875054,3780884574,3780893913,3780903074,3780912061,3780920878,3780929527,3780938012,3780946336,3780954501,3780962511,3780970369,3780978078,3780985640,3780993059,3781000337,3781007476,3781014480,3781021351,3781028091,3781034703,3781041189,3781047552,3781053794,3781059918,3781065925,3781071818,3781077599,3781083270,3781088834,3781094292,3781099646,3781104899,3781110052,3781115107,3781120066,3781124931,3781129703,3781134384,3781138976,3781143481,3781147901,3781152237,3781156490,3781160662,3781164755,3781168770,3781172709,3781176573,3781180364,3781184083,3781187731,3781191310,3781194821,3781198265,3781201644,3781204958,3781208209,3781211399,3781214528,3781217598,3781220609,3781223563,3781226461,3781229304,3781232093,3781234829,3781237513,3781240146,3781242729,3781245263,3781247749,3781250187,3781252579,3781254926,3781257228,3781259486,3781261701,3781263874,3781266006,3781268097,3781270149,3781272162,3781274136,3781276073,3781277973,3781279837,3781281666,3781283460,3781285220,3781286946,3781288639,3781290300,3781291930,3781293529,3781295097,3781296636,3781298145,3781299626,3781301078,3781302503,3781303901,3781305272,3781306617,3781307937,3781309231,3781310501,3781311747,3781312969,3781314168,3781315344,3781316498,3781317630,3781318740,3781319829,3781320897,3781321945,3781322973,3781323982,3781324972,3781325943,3781326895,3781327829,3781328745,3781329644,3781330526,3781331391,3781332240,3781333073,3781333890,3781334691,3781335477,3781336248,3781337004,3781337746,3781338474,3781339188,3781339888,3781340575,3781341249,3781341910,3781342559,3781343195,3781343819,3781344431,3781345032,3781345621,3781346199,3781346766,3781347322,3781347868,3781348403,3781348928,3781349443,3781349948,3781350444,3781350930,3781351407,3781351875,3781352334,3781352784,3781353226,3781353659,3781354084,3781354501,3781354910,3781355311,3781355705,3781356091,3781356470,3781356842,3781357207,3781357565,3781357916,3781358260,3781358598,3781358929,3781359254,3781359573,3781359886,3781360193,3781360494,3781360789,3781361079,3781361363,3781361642,3781361915,3781362183,3781362446,3781362704,3781362957,3781363205,3781363449,3781363688,3781363922,3781364152,3781364378,3781364599,3781364816,3781365029,3781365238,3781365443,3781365644,3781365841,3781366034,3781366224,3781366410,3781366593,3781366772,3781366948,3781367120,3781367289,3781367455,3781367618,3781367778,3781367934,3781368088,3781368239,3781368387,3781368532,3781368674,3781368813,3781368950,3781369084,3781369216,3781369345,3781369472,3781369596,3781369718,3781369838,3781369955,3781370070,3781370183,3781370294,3781370403,3781370509,3781370613,3781370715,3781370815,3781370914,3781371011,3781371106,3781371199,3781371290,3781371380,3781371468,3781371554,3781371638,3781371721,3781371802,3781371882,3781371960,3781372037,3781372112,3781372186,3781372258,3781372329,3781372399,3781372467,3781372534,3781372600,3781372664,3781372727,3781372789,3781372850,3781372910,3781372969,3781373026,3781373082,3781373137,3781373191,3781373244,3781373296,3781373347,3781373397,3781373446,3781373494,3781373541,3781373587,3781373632,3781373677,3781373721,3781373764,3781373806,3781373847,3781373887,3781373927,3781373966,3781374004,3781374041,3781374078,3781374114,3781374149,3781374184,3781374218,3781374251,3781374284,3781374316,3781374347,3781374378,3781374408,3781374438,3781374467,3781374496,3781374524,3781374551,3781374578,3781374604,3781374630,3781374655,3781374680,3781374704,3781374728,3781374751,3781374774,3781374797,3781374819,3781374841,3781374862,3781374883,3781374903,3781374923,3781374943,3781374962,3781374981,3781375000,3781375018,3781375036,3781375053,3781375070,3781375087,3781375103,3781375119,3781375135,3781375151,3781375166,3781375181,3781375196,3781375210,3781375224,3781375238,3781375252,3781375265,3781375278,3781375291,3781375303,3781375315,3781375327,3781375339,3781375351,3781375362,3781375373,3781375384,3781375395,3781375405,3781375415,3781375425,3781375435,3781375445,3781375454,3781375463,3781375472,3781375481,3781375490,3781375499,3781375507,3781375515,3781375523,3781375531,3781375539,3781375547,3781375554,3781375561,3781375568,3781375575,3781375582,3781375589,3781375596,3781375602,3781375608,3781375614,3781375620,3781375626,3781375632,3781375638,3781375644,3781375649,3781375654,3781375659,3781375664
