//SourceID,MakeID1,MakeNum1,MakeID2,MakeNum2,MakeID3,MakeNum3,MakeID4,MakeNum4,MakeID5,MakeNum5

603,1764,50,1768,50
604,1769,40
609,1761,40
713,1770,2
714,1757,600,1769,600,1765,600
715,1756,300,1768,1
716,1762,10,1763,1,1761,1
717,1754,300,1759,1
724,1761,50,1768,10
733,1764,50
756,1765,50
757,1753,200,1758,5
902,1750,7
904,1762,3
909,1750,4
910,1770,12
911,1753,8
912,1751,50
913,1767,1
920,1770,15
922,1770,30,1753,5,1756,1
923,1767,20,1760,10,1758,5
937,1767,1
939,1762,1
947,1770,35
952,1750,50
956,1770,80,1754,1500
957,1762,1,1767,1
958,1767,5
959,1763,1
968,1765,1,1758,5
969,1760,50,1765,50
984,1765,250
985,1753,1000,1758,50
990,1752,6000
991,1754,1500
992,1755,1500
993,1756,1500
994,1752,1800,1769,5
995,1754,4500,1759,5
996,1755,4500,1768,5
997,1756,4500,1760,5
998,1770,100
999,1753,100
1000,1760,30
1001,1760,10
1002,1770,50
1003,1767,8
1010,1770,50
1011,1770,200,1751,40
1017,1756,300
1018,1770,50,1756,60
1019,1750,40
1021,1770,40,1767,2
1027,1750,70,1756,1
1031,1764,1
1035,1765,1,1770,50
1038,1761,2,1770,50
1041,1770,80
1043,1753,10
1044,1762,5
1053,1753,3000,1754,10
1063,1764,2,1751,40
1064,1770,100,1753,50
1066,1750,20
1067,1750,20
1068,1750,20
1095,1768,5,1750,100
1098,1753,50
2257,1751,1000
2281,1753,200,1769,40
2288,1764,200,1753,300
2292,1753,200,1758,40
2319,1760,1000
2328,1750,700,1770,500
2329,1750,1000,1770,700
2332,1751,700
2333,1751,1000,1757,10
2408,1770,700,1753,50
2618,1755,1500,1753,100,1764,10
5014,1754,6000,1753,200
7002,1753,30,1762,5
7008,1758,2
7010,1753,250,1763,1
7018,1769,1000
7019,1767,1000
7020,1761,1000
7021,1760,200
7022,1765,1000
7023,1764,600,1767,200
7024,1764,600,1761,200
7025,1758,800,1769,400,1768,800
7026,1765,50
7027,1767,100
7035,1752,3000
7036,1754,3000
7053,1751,40

