//Homunculus LvUp experience value table
50
110
180
260
350
630
950
1310
1710
2150
3180
4300
5510
6810
8200
10800
13560
16480
19560
22800
28090
33630
39420
45460
51750
61500
70910
81030
91510
102350
117580
133300
149510
166210
183400
206480
230200
254560
279560
305200
338450
372510
407380
443060
479550
525590
572630
620670
669710
719750
781500
844460
908630
974010
1040600
1121280
1203400
1286960
1371960
1458400
1561530
1666350
1772860
1881060
1990950
2120350
2251710
2385030
2520310
2657550
2817340
2979380
3143670
3310210
3479000
3673600
3870760
4070480
4272760
4477600
4711730
4948750
5188660
5431460
5677150
5955830
6237750
6522910
6811310
7102950
7431500
7763660
8099430
8438810
8781800
9165840
9553880
9945920
0    
