// Guild LvUp experience value table
2000000
4000000
8000000
14000000
22000000
32000000
44000000
58000000
74000000
92000000
112000000
134000000
158000000
184000000
212000000
242000000
274000000
308000000
344000000
382000000
422000000
464000000
508000000
554000000
602000000
652000000
704000000
758000000
814000000
872000000
932000000
994000000
1058000000
1124000000
1192000000
1262000000
1334000000
1408000000
1484000000
1562000000
1642000000
1724000000
1808000000
1894000000
1999999999
1999999999
1999999999
1999999999
1999999999
