// Item DB Ancient - Compatible with Ancient WoE
// Equip - Card - Healing - Usable items allowed on Ancient WoE.
// Example: 1230,1 // Ice pick YES

501,1
502,1
503,1
504,1
505,1
506,1
507,1
508,1
509,1
510,1
511,1
512,1
513,1
514,1
515,1
516,1
517,1
518,1
519,1
520,1
521,1
// 522,1 Mastela Fruit
523,1
525,1
526,1
528,1
529,1
530,1
531,1
532,1
533,1
534,1
535,1
536,1
537,1
538,1
539,1
540,1
541,1
544,1
545,1
546,1
547,1
548,1
549,1
550,1
551,1
552,1
553,1
554,1
555,1
556,1
557,1
558,1
559,1
560,1
561,1
562,1
563,1
564,1
565,1
566,1
567,1
568,1
569,1
570,1
571,1
572,1
573,1
574,1
601,1
602,1
603,1
604,1
605,1
606,1
607,1
608,1
609,1
610,1
611,1
612,1
613,1
614,1
615,1
616,1
617,1
618,1
619,1
620,1
621,1
622,1
623,1
624,1
625,1
626,1
627,1
628,1
629,1
630,1
631,1
632,1
633,1
634,1
635,1
636,1
637,1
638,1
639,1
640,1
641,1
642,1
643,1
644,1
645,1
656,1
657,1
658,1
659,1
660,1
661,1
662,1
663,1
664,1
665,1
666,1
667,1
668,1
669,1
670,1
671,1
672,1
673,1
674,1
675,1
676,1
677,1
678,1
679,1
680,1
681,1
682,1
683,1
684,1
685,1
686,1
687,1
688,1
689,1
690,1
691,1
692,1
693,1
694,1
695,1
696,1
697,1
698,1
699,1
700,1
701,1
702,1
703,1
704,1
705,1
706,1
707,1
708,1
709,1
710,1
711,1
712,1
713,1
714,1
715,1
716,1
717,1
718,1
719,1
720,1
721,1
722,1
723,1
724,1
725,1
726,1
727,1
728,1
729,1
730,1
731,1
732,1
733,1
734,1
735,1
736,1
737,1
738,1
739,1
740,1
741,1
742,1
743,1
744,1
745,1
746,1
747,1
748,1
749,1
750,1
751,1
752,1
753,1
754,1
756,1
757,1
901,1
902,1
903,1
904,1
905,1
906,1
907,1
908,1
909,1
910,1
911,1
912,1
913,1
914,1
915,1
916,1
917,1
918,1
919,1
920,1
921,1
922,1
923,1
924,1
925,1
926,1
928,1
929,1
930,1
931,1
932,1
934,1
935,1
936,1
937,1
938,1
939,1
940,1
941,1
942,1
943,1
944,1
945,1
946,1
947,1
948,1
949,1
950,1
951,1
952,1
953,1
954,1
955,1
956,1
957,1
958,1
959,1
960,1
961,1
962,1
963,1
964,1
965,1
966,1
967,1
968,1
969,1
970,1
971,1
972,1
973,1
974,1
975,1
976,1
978,1
979,1
980,1
981,1
982,1
983,1
984,1
985,1
986,1
987,1
988,1
989,1
990,1
991,1
992,1
993,1
994,1
995,1
996,1
997,1
998,1
999,1
1000,1
1001,1
1002,1
1003,1
1004,1
1005,1
1006,1
1007,1
1008,1
1009,1
1010,1
1011,1
1012,1
1013,1
1014,1
1015,1
1016,1
1017,1
1018,1
1019,1
1020,1
1021,1
1022,1
1023,1
1024,1
1025,1
1026,1
1027,1
1028,1
1029,1
1030,1
1031,1
1032,1
1033,1
1034,1
1035,1
1036,1
1037,1
1038,1
1039,1
1040,1
1041,1
1042,1
1043,1
1044,1
1045,1
1046,1
1047,1
1048,1
1049,1
1050,1
1051,1
1052,1
1053,1
1054,1
1055,1
1056,1
1057,1
1058,1
1059,1
1060,1
1061,1
1062,1
1063,1
1064,1
1065,1
1066,1
1067,1
1068,1
1069,1
1070,1
1071,1
1072,1
1073,1
1074,1
1075,1
1076,1
1077,1
1078,1
1079,1
1080,1
1081,1
1082,1
1083,1
1084,1
1085,1
1086,1
1087,1
1088,1
1089,1
1090,1
1091,1
1092,1
1093,1
1094,1
1095,1
1096,1
1097,1
1098,1
1099,1
1101,1
1102,1
1103,1
1104,1
1105,1
1106,1
1107,1
1108,1
1109,1
1110,1
1111,1
1112,1
1113,1
1114,1
1115,1
1116,1
1117,1
1118,1
1119,1
1120,1
1121,1
1122,1
1123,1
1124,1
1125,1
1126,1
1127,1
1128,1
1129,1
1130,1
1131,1
1132,1
1133,1
1134,1
1135,1
1136,1
1137,1
1138,1
1139,1
1140,1
1141,1
1142,1
1143,1
1144,1
1145,1
1151,1
1152,1
1153,1
1154,1
1155,1
1156,1
1157,1
1158,1
1159,1
1160,1
1161,1
1162,1
1163,1
1164,1
1165,1
1166,1
1167,1
1168,1
1169,1
1170,1
1201,1
1202,1
1203,1
1204,1
1205,1
1206,1
1207,1
1208,1
1209,1
1210,1
1211,1
1212,1
1213,1
1214,1
1215,1
1216,1
1217,1
1218,1
1219,1
1220,1
1221,1
1222,1
1223,1
1224,1
1225,1
1226,1
1227,1
// 1228,1 Combat Knife
1229,1
1230,1
1231,1
1232,1
1233,1
1234,1
1235,1
1236,1
1237,1
1238,1
1239,1
1240,1
1241,1
1242,1
1243,1
1250,1
1251,1
1252,1
1253,1
1254,1
1255,1
1256,1
1257,1
1258,1
1259,1
1260,1
1261,1
1301,1
1302,1
1303,1
1304,1
1305,1
1306,1
1351,1
1352,1
1353,1
1354,1
1355,1
1356,1
1357,1
1358,1
1359,1
1360,1
1361,1
1362,1
1363,1
1364,1
1365,1
1366,1
1367,1
1368,1
1369,1
1401,1
1402,1
1403,1
1404,1
1405,1
1406,1
1407,1
1408,1
1409,1
1410,1
1411,1
1412,1
1413,1
1414,1
1415,1
1416,1
1417,1
1451,1
1452,1
1453,1
1454,1
1455,1
1456,1
1457,1
1458,1
1459,1
1460,1
1461,1
1462,1
1463,1
1464,1
1465,1
1466,1
1467,1
1468,1
1469,1
1470,1
1471,1
1472,1
1473,1
1501,1
1502,1
1503,1
1504,1
1505,1
1506,1
1507,1
1508,1
1509,1
1510,1
1511,1
1512,1
1513,1
1514,1
1515,1
1516,1
1517,1
1518,1
1519,1
1520,1
1521,1
1522,1
1523,1
1524,1
1525,1
1526,1
1527,1
1528,1
1529,1
1530,1
1531,1
1550,1
1551,1
1552,1
1553,1
1554,1
1555,1
1556,1
1557,1
1558,1
1599,1
1601,1
1602,1
1603,1
1604,1
1605,1
1606,1
1607,1
1608,1
1609,1
1610,1
1611,1
1612,1
1613,1
1614,1
1615,1
1701,1
1702,1
1703,1
1704,1
1705,1
1706,1
1707,1
1708,1
1709,1
1710,1
1711,1
1712,1
1713,1
1714,1
1715,1
1716,1
1718,1
1719,1
1720,1
1721,1
1722,1
1750,1
1751,1
1752,1
1753,1
1754,1
1755,1
1756,1
1757,1
1758,1
1759,1
1760,1
1761,1
1762,1
1763,1
1764,1
1765,1
1766,1
1767,1
1768,1
1769,1
1770,1
1801,1
1802,1
1803,1
1804,1
1805,1
1806,1
1807,1
1808,1
1809,1
1810,1
1811,1
1812,1
1813,1
1814,1
1901,1
1902,1
1903,1
1904,1
1905,1
1906,1
1907,1
1908,1
1909,1
1910,1
1911,1
1912,1
1913,1
1950,1
1951,1
1952,1
1953,1
1954,1
1955,1
1956,1
1957,1
1958,1
1959,1
1960,1
1961,1
1962,1
1963,1
1964,1
2101,1
2102,1
2103,1
2104,1
2105,1
2106,1
2107,1
2108,1
2109,1
// 2110,1 - Holy Guard
// 2111,1 - Sacred Mission
2112,1
2199,1
2201,1
2202,1
2203,1
2204,1
2205,1
2206,1
2207,1
2208,1
2209,1
2210,1
2211,1
2212,1
2213,1
2214,1
2215,1
2216,1
2217,1
2218,1
2219,1
2220,1
2221,1
2222,1
2223,1
2224,1
2225,1
2226,1
2227,1
2228,1
2229,1
2230,1
2231,1
2232,1
2233,1
2234,1
2235,1
2236,1
2237,1
2238,1
2239,1
2240,1
2241,1
2242,1
2243,1
2244,1
2245,1
2246,1
2247,1
2248,1
2249,1
2250,1
2251,1
2252,1
2253,1
2254,1
2255,1
2256,1
2257,1
2258,1
2259,1
2260,1
2261,1
2262,1
2263,1
2264,1
2265,1
2266,1
2267,1
2268,1
2269,1
2270,1
2271,1
2272,1
2273,1
2274,1
2275,1
2276,1
2277,1
2278,1
2279,1
2280,1
2281,1
2282,1
2283,1
2284,1
2285,1
2286,1
2287,1
2288,1
2289,1
2290,1
2291,1
2292,1
2293,1
2294,1
2295,1
2296,1
2297,1
2298,1
2299,1
2301,1
2302,1
2303,1
2304,1
2305,1
2306,1
2307,1
2308,1
2309,1
2310,1
2311,1
2312,1
2313,1
2314,1
2315,1
2316,1
2317,1
2318,1
2319,1
2320,1
2321,1
2322,1
2323,1
2324,1
2325,1
2326,1
2327,1
2328,1
2329,1
2330,1
2331,1
2332,1
2333,1
2334,1
2335,1
2336,1
2337,1
2338,1
2339,1
2340,1
2341,1
// 2342,1 Legion Plate Armor [1]
2343,1
2344,1
2345,1
2346,1
2347,1
2348,1
2349,1
2350,1
2351,1
2352,1
2401,1
2402,1
2403,1
2404,1
2405,1
2406,1
2407,1
2408,1
2409,1
2410,1
2411,1
// 2412,1 - Greaves[1]
2413,1
2414,1
2415,1
2501,1
2502,1
2503,1
2504,1
2505,1
2506,1
2507,1
2508,1
// 2509,1 - Survivor Manteau
2510,1
2511,1
2601,1
2602,1
2603,1
2604,1
2605,1
2607,1
2608,1
2609,1
2610,1
2611,1
2612,1
2613,1
2614,1
2615,1
2616,1
2617,1
2618,1
2619,1
2620,1
2621,1
2622,1
2623,1
2624,1
2625,1
2626,1
2627,1
2628,1
2629,1
2630,1
2631,1
2634,1
2635,1
2636,1
2637,1
2638,1
2639,1
2640,1
2641,1
2647,1
4001,1
4002,1
4003,1
4004,1
4005,1
4006,1
4007,1
4008,1
4009,1
4010,1
4011,1
4012,1
4013,1
4014,1
4015,1
4016,1
4017,1
4018,1
4019,1
4020,1
4021,1
4022,1
4023,1
4024,1
4025,1
4026,1
4027,1
4028,1
4029,1
4030,1
4031,1
4032,1
4033,1
4034,1
4035,1
4036,1
4037,1
4038,1
4039,1
4040,1
4041,1
4042,1
4043,1
4044,1
4045,1
4046,1
4047,1
4048,1
4049,1
4050,1
4051,1
4052,1
4053,1
4054,1
4055,1
4056,1
4057,1
4058,1
4059,1
4060,1
4061,1
4062,1
4063,1
4064,1
4065,1
4066,1
4067,1
4068,1
4069,1
4070,1
4071,1
4072,1
4073,1
4074,1
4075,1
4076,1
4077,1
4078,1
4079,1
4080,1
4081,1
4082,1
4083,1
4084,1
4085,1
4086,1
4087,1
4088,1
4089,1
4090,1
4091,1
4092,1
4093,1
4094,1
4095,1
4096,1
4097,1
4098,1
4099,1
4100,1
4101,1
4102,1
4103,1
4104,1
4105,1
4106,1
4107,1
4108,1
4109,1
4110,1
4111,1
4112,1
4113,1
4114,1
4115,1
4116,1
4117,1
4118,1
4119,1
4120,1
4121,1
4122,1
4123,1
4124,1
4125,1
4126,1
4127,1
4128,1
4129,1
4130,1
4131,1
4132,1
4133,1
4134,1
4135,1
4136,1
4137,1
4138,1
4139,1
4140,1
4141,1
4142,1
4143,1
4144,1
4145,1
4146,1
4147,1
4148,1
5001,1
5002,1
5003,1
5004,1
5005,1
5006,1
5007,1
5008,1
5009,1
5010,1
5011,1
5012,1
5013,1
5014,1
5015,1
5016,1
5017,1
5018,1
5019,1
5020,1
5021,1
5022,1
5023,1
5024,1
5025,1
5026,1
5027,1
5028,1
5029,1
5030,1
5031,1
5032,1
5033,1
5034,1
5035,1
5036,1
5037,1
5038,1
5039,1
5040,1
5041,1
5042,1
5043,1
5044,1
5045,1
5046,1
5047,1
5048,1
5049,1
5050,1
5051,1
5052,1
5053,1
5054,1
5055,1
5056,1
5057,1
5058,1
5059,1
5060,1
5061,1
5062,1
5063,1
5064,1
5065,1
5066,1
5067,1
5068,1
5069,1
5070,1
5071,1
5072,1
5073,1
5074,1
5075,1
5076,1
5077,1
5078,1
5079,1
5080,1
5081,1
5082,1
5083,1
5084,1
5085,1
5086,1
5087,1
5088,1
5089,1
5090,1
5091,1
5092,1
5093,1
5094,1
5096,1
5097,1
5098,1
5099,1
5100,1
5101,1
5102,1
7001,1
7002,1
7003,1
7004,1
7005,1
7006,1
7007,1
7008,1
7009,1
7010,1
7011,1
7012,1
7013,1
7014,1
7015,1
7016,1
7017,1
7018,1
7019,1
7020,1
7021,1
7022,1
7023,1
7024,1
7025,1
7026,1
7027,1
7028,1
7029,1
7030,1
7031,1
7032,1
7033,1
7034,1
7035,1
7036,1
7037,1
7038,1
7039,1
7040,1
7041,1
7042,1
7043,1
7044,1
7045,1
7046,1
7047,1
7048,1
7049,1
7050,1
7051,1
7052,1
7053,1
7054,1
7055,1
7056,1
7057,1
7058,1
7059,1
7060,1
7061,1
7062,1
7063,1
7064,1
7065,1
7066,1
7067,1
7068,1
7069,1
7070,1
7071,1
7072,1
7073,1
7074,1
7075,1
7076,1
7077,1
7078,1
7079,1
7080,1
7081,1
7082,1
7083,1
7084,1
7085,1
7086,1
7087,1
7088,1
7089,1
7090,1
7091,1
7092,1
7093,1
7094,1
7095,1
7096,1
7097,1
7098,1
7099,1
7100,1
7101,1
7102,1
7103,1
7104,1
7105,1
7106,1
7107,1
7108,1
7109,1
7110,1
7111,1
7112,1
7113,1
7114,1
7115,1
7116,1
7117,1
7118,1
7119,1
7120,1
7121,1
7122,1
7123,1
7124,1
7125,1
7126,1
7127,1
7128,1
7129,1
7130,1
7131,1
7132,1
7133,1
7134,1
7135,1
7136,1
7137,1
7138,1
7139,1
7140,1
7141,1
7142,1
7143,1
7144,1
7145,1
7146,1
7147,1
7148,1
7149,1
7150,1
7151,1
7152,1
7153,1
7154,1
7155,1
7156,1
7157,1
7158,1
7159,1
7160,1
7161,1
7162,1
7163,1
7164,1
7165,1
7166,1
7167,1
7168,1
7169,1
7170,1
7171,1
7172,1
7173,1
7174,1
7175,1
7176,1
7177,1
7178,1
7179,1
7180,1
7181,1
7182,1
7183,1
7184,1
7185,1
7186,1
7187,1
7188,1
7189,1
7190,1
7191,1
7192,1
7193,1
7194,1
7195,1
7196,1
7197,1
7198,1
7199,1
7200,1
7201,1
7202,1
7203,1
7204,1
7205,1
7206,1
7207,1
7208,1
7209,1
7210,1
7211,1
7212,1
7213,1
7214,1
7215,1
7216,1
7217,1
7218,1
7219,1
7220,1
7221,1
7222,1
7223,1
7224,1
7225,1
7226,1
7227,1
7228,1
7229,1
7230,1
7231,1
7232,1
7233,1
7234,1
7235,1
7236,1
7237,1
7238,1
7239,1
7240,1
7241,1
7242,1
7243,1
7244,1
7245,1
7246,1
7247,1
7248,1
7249,1
7250,1
7251,1
7252,1
7253,1
7254,1
7262,1
7263,1
7264,1
7265,1
7266,1
7267,1
7268,1
7269,1
7270,1
7271,1
7272,1
7273,1
7274,1
7275,1
7276,1
7277,1
7278,1
7279,1
7280,1
7281,1
7282,1
7283,1
7284,1
7285,1
7286,1
7287,1
7288,1
7289,1
7290,1
7291,1
7292,1
7293,1
7294,1
7295,1
7296,1
7297,1
7298,1
7299,1
7300,1
7301,1
7302,1
7303,1
7332,1
7333,1
7334,1
7335,1
7336,1
7337,1
9001,1
9002,1
9003,1
9004,1
9005,1
9006,1
9007,1
9008,1
9009,1
9010,1
9011,1
9012,1
9013,1
9014,1
9015,1
9016,1
9017,1
9018,1
9019,1
9020,1
9021,1
9022,1
9023,1
9024,1
9025,1
9026,1
9027,1
10001,1
10002,1
10003,1
10004,1
10005,1
10006,1
10007,1
10008,1
10009,1
10010,1
10011,1
10012,1
10013,1
10014,1
10015,1
10016,1
10017,1
10018,1
10019,1
10020,1
11000,1
12000,1
12001,1
12002,1
12003,1
12004,1
12005,1
12006,1
12007,1
12008,1
12009,1
12010,1
12011,1
12012,1
12013,1
12014,1
12015,1
// 12016,1 - Speed Potion
// 12017,1 - Slow Potion
// 4149,1
// 4150,1
// 4151,1
// 4152,1
// 4153,1
// 4154,1
// 4155,1
// 4156,1
// 4157,1
// 4158,1
// 4159,1
// 4160,1
// 4161,1
// 4162,1
// 4163,1
// 4164,1
// 4165,1
// 4166,1
// 4167,1
// 4168,1
// 4169,1
// 4170,1
// 4171,1
// 4172,1
// 4173,1
// 4174,1
// 4175,1
// 4176,1
// 4177,1
// 4178,1
// 4179,1
// 4180,1
// 4181,1
// 4182,1
// 4183,1
// 4184,1
// 4185,1
// 4186,1
// 4187,1
// 4188,1
// 4189,1
// 4190,1
// 4191,1
// 4192,1
// 4193,1
// 4194,1
// 4195,1
// 4196,1
// 4197,1
// 4198,1
// 4199,1
// 4200,1
// 4201,1
// 4202,1
// 4203,1
// 4204,1
// 4205,1
// 4206,1
// 4207,1
// 4208,1
// 4209,1
// 4210,1
// 4211,1
// 4212,1
// 4213,1
// 4214,1
// 4215,1
// 4216,1
// 4217,1
// 4218,1
// 4219,1
// 4220,1
// 4221,1
// 4222,1
// 4223,1
// 4224,1
// 4225,1
// 4226,1
// 4227,1
// 4228,1
// 4229,1
// 4230,1
// 4231,1
// 4232,1
// 4233,1
// 4234,1
// 4235,1
// 4236,1
// 4237,1
// 4238,1
// 4239,1
// 4240,1
// 4241,1
// 4242,1
// 4243,1
// 4244,1
// 4245,1
// 4246,1
// 4247,1
// 4248,1
// 4249,1
// 4250,1
// 4251,1
// 4252,1
// 4253,1
// 4254,1
// 4255,1
// 4256,1
// 4257,1
// 4258,1
// 4259,1
// 4260,1
// 4261,1
// 4262,1
// 4263,1
// 4264,1
// 4265,1
// 4266,1
// 4267,1
// 4268,1
// 4269,1
// 4270,1
// 4271,1
// 4272,1
// 4273,1
// 4274,1
// 4275,1
// 4276,1
// 4277,1
// 4278,1
// 4279,1
// 4280,1
// 4281,1
// 4282,1
// 4283,1
// 4284,1
// 4285,1
// 4286,1
// 4287,1
// 4288,1
// 4289,1
// 4290,1
// 4291,1
// 4292,1
// 4293,1
// 4294,1
// 4295,1
// 4296,1
// 4297,1
// 4298,1
// 4299,1
// 4300,1
// 4301,1
// 4302,1
// 4303,1
// 4304,1
// 4305,1
// 4306,1
// 4307,1
// 4308,1
// 4309,1
// 4310,1
// 4311,1
// 4312,1
// 4313,1
// 4314,1
// 4315,1
// 4316,1
// 4317,1
// 4318,1
// 4319,1
// 4320,1
// 4321,1
// 4322,1
// 4323,1
// 4324,1
// 4325,1
// 4326,1
// 4327,1
// 4328,1
// 4329,1
// 4330,1
// 4331,1

// WOE CONSUMÍVEIS
11503,1
11504,1