// Job-specific Stat Bonuses Database
//
// Structure of Database:
// JobID,JobLv1,JobLv2,JobLv3,...
//
// Legend for 'JobLvN' fields:
//  0 = No stat bonus at this job level
//  1 = STR increased by 1 at this job level
//  2 = AGI increased by 1 at this job level
//  3 = VIT increased by 1 at this job level
//  4 = INT increased by 1 at this job level
//  5 = DEX increased by 1 at this job level
//  6 = LUK increased by 1 at this job level
//
// Novice
0,0,0,0,0,0,0,0,0,0
// Swordman
1,0,1,0,0,0,3,0,0,0,5,0,0,0,1,0,0,0,3,0,0,0,5,0,0,0,6,0,0,0,2,0,0,1,0,0,5,0,3,0,1,0,3,0,6,0,2,1,0,1,1
// Magician
2,0,4,0,0,0,5,0,0,0,5,0,0,0,4,0,0,0,2,0,0,0,4,0,0,0,2,0,0,0,6,0,0,4,0,0,5,0,4,0,2,0,6,0,4,0,4,2,0,6,4
// Archer
3,0,5,0,0,0,1,0,0,0,4,0,0,0,5,0,0,0,5,0,0,0,6,0,0,0,2,0,0,0,5,0,0,2,0,0,5,0,1,0,1,0,5,0,6,0,3,4,0,2,5
// Acolyte
4,0,6,0,0,0,3,0,0,0,4,0,0,0,5,0,0,0,6,0,0,0,2,0,0,0,1,0,0,0,3,0,0,4,0,0,5,0,6,0,2,0,1,0,3,0,4,5,0,1,6
// Merchant
5,0,3,0,0,0,5,0,0,0,1,0,0,0,5,0,0,0,3,0,0,0,1,0,0,0,4,0,0,0,3,0,0,0,0,0,6,0,5,0,1,2,5,0,1,0,6,3,0,1,5
// Thief
6,0,2,0,0,0,1,0,0,0,5,0,0,0,3,0,0,0,4,0,0,0,5,0,0,0,6,0,0,0,1,0,0,2,0,0,1,0,2,0,6,0,5,0,3,0,6,1,0,5,2
// Knight
7,3,0,3,1,6,0,0,3,0,1,5,3,2,0,1,0,3,3,5,6,1,0,3,0,0,0,1,6,3,0,5,0,1,0,0,3,6,2,0,5,0,0,3,0,0,1,1,5,5,0
// Priest
8,6,0,6,1,0,2,3,4,4,6,1,0,0,3,5,0,1,0,0,5,6,4,0,0,5,0,1,0,2,0,6,5,0,3,1,3,2,0,6,0,0,4,4,0,3,0,0,2,0,6
// Wizard
9,4,5,0,4,5,2,0,0,4,2,0,1,5,0,6,0,0,4,0,0,0,4,0,2,0,5,0,0,4,0,4,5,4,2,0,6,0,3,5,4,2,0,2,0,4,2,2,4,0,4
// Blacksmith
10,5,0,1,5,5,0,3,1,0,5,6,5,3,0,0,1,0,0,5,3,4,0,1,0,0,5,0,5,2,0,1,3,0,4,0,5,3,2,5,5,0,0,0,1,0,6,5,0,3,0
// Hunter
11,5,0,4,5,1,0,6,5,0,1,1,2,0,5,6,0,3,0,2,2,5,3,0,0,0,0,5,0,6,0,2,0,5,4,0,0,0,5,2,0,4,6,5,1,0,4,2,0,5,0
// Assassin
12,2,2,2,4,0,3,0,3,5,0,1,0,0,4,2,2,2,2,2,2,2,0,0,5,1,0,1,0,0,5,5,1,0,0,0,0,0,4,0,5,5,4,0,0,1,5,0,1,0,5
// Knight (Peco)
13,3,0,3,1,6,0,0,3,0,1,5,3,2,0,1,0,3,3,5,6,1,0,3,0,0,0,1,6,3,0,5,0,1,0,0,3,6,2,0,5,0,0,3,0,0,1,1,5,5,0
// Crusader
14,6,6,6,6,6,0,1,0,4,0,1,3,0,5,3,0,1,0,0,4,4,3,1,0,1,0,0,5,0,2,0,1,0,5,4,2,0,4,0,3,3,0,0,4,0,3,0,1,0,3
// Monk
15,1,1,0,5,2,0,3,0,0,2,0,1,1,0,6,4,0,2,0,3,2,5,2,0,3,1,1,0,0,5,0,6,3,0,2,0,0,4,0,6,3,0,5,2,0,3,0,0,1,1
// Sage
16,4,0,2,3,0,2,0,4,0,0,3,0,2,0,4,0,6,3,0,5,0,2,0,4,5,0,5,0,0,4,0,5,2,0,6,0,4,4,5,6,0,1,0,1,4,1,1,1,0,4
// Rogue
17,2,3,5,0,1,3,2,0,3,0,5,0,0,3,3,2,0,5,0,5,0,0,2,0,1,3,1,0,2,1,0,0,5,5,0,1,0,4,2,0,0,1,4,0,2,0,4,4,0,5
// Alchemist
18,4,5,5,0,0,1,0,5,4,0,2,0,5,2,1,0,4,0,5,3,5,0,4,4,5,1,0,5,4,0,3,5,0,1,0,3,0,4,0,2,0,0,1,0,2,0,0,0,2,2
// Bard
19,5,2,1,0,4,6,5,0,6,2,2,0,4,0,5,5,3,0,5,6,4,0,0,2,0,0,0,1,0,2,0,5,3,0,2,0,0,5,0,4,6,0,3,0,0,5,4,2,0,5
// Dancer
20,6,2,1,0,4,5,6,0,5,2,2,0,4,0,6,5,3,0,6,5,4,0,0,2,0,0,0,1,0,2,0,6,3,0,2,0,0,6,0,4,5,0,3,0,0,6,4,2,0,6
// Crusader (Peco)
21,6,6,6,6,6,0,1,0,4,0,1,3,0,5,3,0,1,0,0,4,4,3,1,0,1,0,0,5,0,2,0,1,0,5,4,2,0,4,0,3,3,0,0,4,0,3,0,1,0,3
// 22: Wedding
// Super Novice
23,1,0,2,0,3,0,4,0,5,0,6,0,1,0,2,0,3,0,4,0,5,0,6,0,1,0,2,0,3,0,4,0,5,0,6,0,1,0,2,0,3,0,4,0,5,0,6,0,1,0,0,2,0,0,0,3,0,0,0,4,0,0,0,5,0,0,0,6,0,0,0,0,0,0,0,0,0,0,0,0,0,0,0,0,0,0,0,0,0,0,0,0,0,0,0,0,0,0,0
// Gunslinger
24,5,6,0,6,0,5,0,0,0,0,5,6,0,0,0,0,5,0,0,0,6,0,0,0,5,0,0,0,0,0,6,1,0,0,5,0,0,0,0,0,1,0,0,0,5,0,0,0,0,1,6,4,0,0,5,0,0,0,2,3,4,5,6,1,0,0,0,0,0,0
// Ninja
25,2,2,0,0,0,0,0,0,0,5,2,0,0,0,0,0,0,0,0,4,2,5,0,0,0,0,0,0,4,6,2,5,0,0,0,0,0,0,0,6,2,4,5,0,0,0,0,0,0,4,2,6,5,0,0,0,0,0,1,3,2,4,5,6,0,0,0,0,0,0
// Novice High
4001,0,0,0,0,0,0,0,0,0,0
// Swordman High
4002,0,1,0,0,0,3,0,0,0,5,0,0,0,1,0,0,0,3,0,0,0,5,0,0,0,6,0,0,0,2,0,0,1,0,0,5,0,3,0,1,0,3,0,6,0,2,1,0,1,1
// Magician High
4003,0,4,0,0,0,5,0,0,0,5,0,0,0,4,0,0,0,2,0,0,0,4,0,0,0,2,0,0,0,6,0,0,4,0,0,5,0,4,0,2,0,6,0,4,0,4,2,0,6,4
// Archer High
4004,0,5,0,0,0,1,0,0,0,4,0,0,0,5,0,0,0,5,0,0,0,6,0,0,0,2,0,0,0,5,0,0,2,0,0,5,0,1,0,1,0,5,0,6,0,3,4,0,2,5
// Acolyte High
4005,0,6,0,0,0,3,0,0,0,4,0,0,0,5,0,0,0,6,0,0,0,2,0,0,0,1,0,0,0,3,0,0,4,0,0,5,0,6,0,2,0,1,0,3,0,4,5,0,1,6
// Merchant High
4006,0,3,0,0,0,5,0,0,0,1,0,0,0,5,0,0,0,3,0,0,0,1,0,0,0,4,0,0,0,3,0,0,0,0,0,6,0,5,0,1,2,5,0,1,0,6,3,0,1,5
// Thief High
4007,0,2,0,0,0,1,0,0,0,5,0,0,0,3,0,0,0,4,0,0,0,5,0,0,0,6,0,0,0,1,0,0,2,0,0,1,0,2,0,6,0,5,0,3,0,6,1,0,5,2
// Lord Knight
4008,1,2,6,5,3,1,1,1,0,2,5,3,4,2,0,5,2,0,1,0,0,3,0,0,1,0,6,5,3,0,5,0,1,0,0,5,2,6,0,3,1,0,3,5,0,1,1,0,5,0,0,1,2,0,0,1,1,3,0,2,0,5,0,1,2,0,4,3,0,1
// High Priest
4009,4,0,2,3,1,0,4,2,0,0,4,1,5,0,0,5,0,0,2,4,1,3,4,4,0,5,0,5,2,3,1,0,0,4,0,0,5,1,0,6,0,2,5,0,1,5,4,0,6,3,3,0,0,0,2,5,4,3,0,1,4,5,0,0,2,4,3,2,0,4
// High Wizard
4010,4,5,3,0,4,0,0,2,5,4,0,6,0,4,0,0,5,2,4,1,0,5,5,4,0,2,0,4,3,0,5,4,0,2,0,0,4,4,4,1,6,0,5,0,0,4,3,0,4,2,0,0,3,0,4,2,6,0,4,1,5,4,0,0,2,3,5,0,2,4
// Whitesmith
4011,5,1,1,4,0,5,2,6,3,0,0,5,3,0,4,6,1,0,2,2,0,4,5,0,0,1,0,6,3,0,2,5,1,4,0,2,0,5,6,0,5,0,0,6,6,0,5,3,0,4,0,1,0,0,5,5,0,2,0,3,4,5,0,2,3,6,6,0,0,5
// Sniper
4012,5,2,5,5,4,2,0,1,0,2,2,3,0,6,0,5,5,0,0,4,2,5,0,1,6,5,0,2,0,5,6,3,2,0,5,6,0,2,0,5,0,4,2,0,1,5,0,2,0,6,5,0,0,4,3,0,6,2,0,5,1,6,0,0,4,0,0,0,5,6
// Assassin Cross
4013,2,1,6,2,2,0,1,6,3,5,0,1,0,0,2,6,0,6,0,2,1,0,5,2,2,6,0,0,1,0,2,2,2,6,0,0,5,1,5,0,0,2,5,0,0,2,3,6,0,1,2,0,5,1,0,2,5,0,0,0,5,2,0,5,6,1,0,0,3,5
// Lord Knight (Peco)
4014,1,2,6,5,3,1,1,1,0,2,5,3,4,2,0,5,2,0,1,0,0,3,0,0,1,0,6,5,3,0,5,0,1,0,0,5,2,6,0,3,1,0,3,5,0,1,1,0,5,0,0,1,2,0,0,1,1,3,0,2,0,5,0,1,2,0,4,3,0,1
// Paladin
4015,3,1,2,0,0,5,4,2,3,1,0,5,0,4,3,2,5,1,0,0,3,0,5,2,0,1,0,0,4,3,0,0,1,0,0,5,2,0,6,1,0,3,4,0,5,0,0,1,3,0,0,2,3,4,1,0,5,0,6,2,4,0,3,1,4,0,6,5,3,2
// Champion
4016,1,4,3,2,0,5,0,0,1,0,4,2,6,0,3,5,1,0,0,2,2,5,0,3,0,0,1,0,2,5,0,0,4,6,0,0,1,5,3,0,0,3,0,5,2,6,4,1,0,5,0,2,5,0,0,4,0,3,1,5,0,2,0,4,1,1,5,3,4,2
// Professor
4017,4,4,2,0,1,0,3,5,0,0,4,2,0,4,0,5,0,1,0,5,6,4,2,3,0,5,1,0,5,4,0,2,0,5,0,1,5,4,3,0,4,0,2,0,1,5,0,0,4,2,0,5,0,2,5,1,4,0,0,2,0,5,3,4,0,6,0,4,2,4
// Stalker
4018,1,2,0,6,4,3,0,0,2,5,1,2,0,0,3,5,5,0,0,6,2,1,0,6,0,5,2,0,5,0,6,1,0,2,0,0,5,5,0,0,2,3,1,4,2,0,1,0,5,6,0,5,1,0,0,5,4,2,6,5,0,1,3,2,0,5,1,0,0,2
// Creator
4019,5,0,6,0,2,1,4,6,3,5,0,0,4,0,5,0,0,2,0,6,0,4,5,0,6,0,2,0,0,4,1,0,3,6,5,0,0,2,0,0,5,5,5,0,6,4,5,0,5,0,6,6,1,2,0,5,5,0,4,6,3,0,5,6,0,1,2,4,6,5
// Clown
4020,2,5,0,2,1,0,5,4,2,1,6,0,2,0,5,3,0,6,1,0,4,0,5,2,0,6,0,4,0,5,0,2,1,0,0,2,0,0,5,5,4,0,5,0,1,0,6,0,2,5,0,0,2,1,0,5,5,2,3,0,5,1,5,0,2,5,0,2,4,1
// Gypsy
4021,5,1,0,2,0,1,0,4,5,0,2,2,2,5,5,0,3,5,0,1,0,0,5,5,2,4,6,5,0,0,2,0,5,0,1,0,0,2,4,0,5,0,5,0,5,0,2,0,5,1,0,2,4,3,0,0,2,5,0,4,2,2,6,0,5,1,2,0,5,2
// Paladin (Peco)
4022,3,1,2,0,0,5,4,2,3,1,0,5,0,4,3,2,5,1,0,0,3,0,5,2,0,1,0,0,4,3,0,0,1,0,0,5,2,0,6,1,0,3,4,0,5,0,0,1,3,0,0,2,3,4,1,0,5,0,6,2,4,0,3,1,4,0,6,5,3,2
// Baby Novice
4023,0,0,0,0,0,0,0,0,0,0
// Baby Swordman
4024,0,1,0,0,0,3,0,0,0,5,0,0,0,1,0,0,0,3,0,0,0,5,0,0,0,6,0,0,0,2,0,0,1,0,0,5,0,3,0,1,0,3,0,6,0,2,1,0,1,1
// Baby Magician
4025,0,4,0,0,0,5,0,0,0,5,0,0,0,4,0,0,0,2,0,0,0,4,0,0,0,2,0,0,0,6,0,0,4,0,0,5,0,4,0,2,0,6,0,4,0,4,2,0,6,4
// Baby Archer
4026,0,5,0,0,0,1,0,0,0,4,0,0,0,5,0,0,0,5,0,0,0,6,0,0,0,2,0,0,0,5,0,0,2,0,0,5,0,1,0,1,0,5,0,6,0,3,4,0,2,5
// Baby Acolyte
4027,0,6,0,0,0,3,0,0,0,4,0,0,0,5,0,0,0,6,0,0,0,2,0,0,0,1,0,0,0,3,0,0,4,0,0,5,0,6,0,2,0,1,0,3,0,4,5,0,1,6
// Baby Merchant
4028,0,3,0,0,0,5,0,0,0,1,0,0,0,5,0,0,0,3,0,0,0,1,0,0,0,4,0,0,0,3,0,0,0,0,0,6,0,5,0,1,2,5,0,1,0,6,3,0,1,5
// Baby Thief
4029,0,2,0,0,0,1,0,0,0,5,0,0,0,3,0,0,0,4,0,0,0,5,0,0,0,6,0,0,0,1,0,0,2,0,0,1,0,2,0,6,0,5,0,3,0,6,1,0,5,2
// Baby Knight
4030,3,0,3,1,6,0,0,3,0,1,5,3,2,0,1,0,3,3,5,6,1,0,3,0,0,0,1,6,3,0,5,0,1,0,0,3,6,2,0,5,0,0,3,0,0,1,1,5,5,0
// Baby Priest
4031,6,0,6,1,0,2,3,4,4,6,1,0,0,3,5,0,1,0,0,5,6,4,0,0,5,0,1,0,2,0,6,5,0,3,1,3,2,0,6,0,0,4,4,0,3,0,0,2,0,6
// Baby Wizard
4032,4,5,0,4,5,2,0,0,4,2,0,1,5,0,6,0,0,4,0,0,0,4,0,2,0,5,0,0,4,0,4,5,4,2,0,6,0,3,5,4,2,0,2,0,4,2,2,4,0,4
// Baby Blacksmith
4033,5,0,1,5,5,0,3,1,0,5,6,5,3,0,0,1,0,0,5,3,4,0,1,0,0,5,0,5,2,0,1,3,0,4,0,5,3,2,5,5,0,0,0,1,0,6,5,0,3,0
// Baby Hunter
4034,5,0,4,5,1,0,6,5,0,1,1,2,0,5,6,0,3,0,2,2,5,3,0,0,0,0,5,0,6,0,2,0,5,4,0,0,0,5,2,0,4,6,5,1,0,4,2,0,5,0
// Baby Assassin
4035,2,2,2,4,0,3,0,3,5,0,1,0,0,4,2,2,2,2,2,2,2,0,0,5,1,0,1,0,0,5,5,1,0,0,0,0,0,4,0,5,5,4,0,0,1,5,0,1,0,5
// Baby Knight (Peco)
4036,3,0,3,1,6,0,0,3,0,1,5,3,2,0,1,0,3,3,5,6,1,0,3,0,0,0,1,6,3,0,5,0,1,0,0,3,6,2,0,5,0,0,3,0,0,1,1,5,5,0
// Baby Crusader
4037,6,6,6,6,6,0,1,0,4,0,1,3,0,5,3,0,1,0,0,4,4,3,1,0,1,0,0,5,0,2,0,1,0,5,4,2,0,4,0,3,3,0,0,4,0,3,0,1,0,3
// Baby Monk
4038,1,1,0,5,2,0,3,0,0,2,0,1,1,0,6,4,0,2,0,3,2,5,2,0,3,1,1,0,0,5,0,6,3,0,2,0,0,4,0,6,3,0,5,2,0,3,0,0,1,1
// Baby Sage
4039,4,0,2,3,0,2,0,4,0,0,3,0,2,0,4,0,6,3,0,5,0,2,0,4,5,0,5,0,0,4,0,5,2,0,6,0,4,4,5,6,0,1,0,1,4,1,1,1,0,4
// Baby Rogue
4040,2,3,5,0,1,3,2,0,3,0,5,0,0,3,3,2,0,5,0,5,0,0,2,0,1,3,1,0,2,1,0,0,5,5,0,1,0,4,2,0,0,1,4,0,2,0,4,4,0,5
// Baby Alchemist
4041,4,5,5,0,0,1,0,5,4,0,2,0,5,2,1,0,4,0,5,3,5,0,4,4,5,1,0,5,4,0,3,5,0,1,0,3,0,4,0,2,0,0,1,0,2,0,0,0,2,2
// Baby Bard
4042,5,2,1,0,4,6,5,0,6,2,2,0,4,0,5,5,3,0,5,6,4,0,0,2,0,0,0,1,0,2,0,5,3,0,2,0,0,5,0,4,6,0,3,0,0,5,4,2,0,5
// Baby Dancer
4043,6,2,1,0,4,5,6,0,5,2,2,0,4,0,6,5,3,0,6,5,4,0,0,2,0,0,0,1,0,2,0,6,3,0,2,0,0,6,0,4,5,0,3,0,0,6,4,2,0,6
// Baby Crusader (Peco)
4044,6,6,6,6,6,0,1,0,4,0,1,3,0,5,3,0,1,0,0,4,4,3,1,0,1,0,0,5,0,2,0,1,0,5,0,2,0,4,0,3,3,0,0,4,0,3,0,1,0,3
// Baby Super Novice
4045,1,0,2,0,3,0,4,0,5,0,6,0,1,0,2,0,3,0,4,0,5,0,6,0,1,0,2,0,3,0,4,0,5,0,6,0,1,0,2,0,3,0,4,0,5,0,6,0,1,0,0,2,0,0,0,3,0,0,0,4,0,0,0,5,0,0,0,6,0,0,0,0,0,0,0,0,0,0,0,0,0,0,0,0,0,0,0,0,0,0,0,0,0,0,0,0,0,0,0
// Taekwon
4046,1,1,1,1,1,1,0,0,0,5,5,5,5,5,5,0,0,0,0,2,2,2,2,2,2,0,0,0,0,0,0,0,0,0,0,0,0,0,0,0,0,0,0,0,0,0,0,0,0,0
// Star Gladiator
4047,1,1,1,1,1,1,1,1,1,1,1,1,0,0,0,0,0,0,0,5,5,5,5,5,5,0,0,0,0,0,0,0,0,0,0,0,0,0,2,2,2,2,2,2,2,2,2,2,2,2
// Star Gladiator (Flying)
4048,1,1,1,1,1,1,1,1,1,1,1,1,0,0,0,0,0,0,0,5,5,5,5,5,5,0,0,0,0,0,0,0,0,0,0,0,0,0,2,2,2,2,2,2,2,2,2,2,2,2
// Soul Linker
4049,4,4,4,4,4,4,4,4,4,4,4,4,0,0,0,0,0,0,0,3,3,3,3,3,3,0,0,0,0,0,0,0,0,0,0,0,0,0,5,5,5,5,5,5,5,5,5,5,5,5
//*************************************************************
//* 3rds (base 650 3CeAM)
//*************************************************************
// Rune Knight	(Base 2nd to 3rd)
4054,4,4,5,3,4,0,0,0,0,1,1,4,4,3,5,0,0,0,5,2,2,4,3,5,0,0,0,0,0,4,5,3,1,0,0,0,0,0,4,5,2,0,0,5,3,4,6,6,6,4
// Warlock	(Base 2nd to 3rd)
4055,4,4,5,0,0,5,4,2,0,0,0,0,5,0,3,0,0,3,5,2,0,0,4,3,3,0,0,5,2,0,6,0,0,1,4,4,0,0,5,2,4,0,0,4,4,0,2,0,0,4
// Ranger	(Base 2nd to 3rd)
4056,5,4,4,2,0,0,2,5,4,0,0,3,3,3,0,0,5,2,0,0,4,3,5,0,0,1,1,0,0,5,2,3,0,0,0,4,4,4,2,0,0,0,2,5,2,0,0,0,4,2
// Arch Bishop	(Base 2nd to 3rd)
4057,4,0,3,0,5,0,4,4,0,3,3,0,0,5,5,0,0,1,1,0,0,4,0,1,0,2,2,1,0,0,0,4,0,3,0,5,0,2,2,4,4,0,0,5,3,1,0,0,4,5
// Mechanic	(Base 2nd to 3rd)
4058,6,1,0,0,1,0,6,2,5,4,0,0,4,6,0,0,2,0,3,3,4,5,0,0,3,6,0,0,3,0,1,1,3,6,0,0,4,4,0,0,0,3,3,1,1,0,0,5,2,0
// Guillotine Cross (Base 2nd to 3rd)
4059,2,5,0,1,1,0,0,0,1,2,5,0,0,3,3,1,0,0,3,1,0,0,2,2,5,0,0,4,4,1,3,0,0,0,2,5,5,0,0,0,4,3,2,2,0,0,0,4,5,5
// Rune Knight	(Trans 2nd to 3rd)
4060,4,4,5,3,4,0,0,0,0,1,1,4,4,3,5,0,0,0,5,2,2,4,3,5,0,0,0,0,0,4,5,3,1,0,0,0,0,0,4,5,2,0,0,5,3,4,6,6,6,4
// Warlock	(Trans 2nd to 3rd)
4061,4,4,5,0,0,5,4,2,0,0,0,0,5,0,3,0,0,3,5,2,0,0,4,3,3,0,0,5,2,0,6,0,0,1,4,4,0,0,5,2,4,0,0,4,4,0,2,0,0,4
// Ranger	(Trans 2nd to 3rd)
4062,5,4,4,2,0,0,2,5,4,0,0,3,3,3,0,0,5,2,0,0,4,3,5,0,0,1,1,0,0,5,2,3,0,0,0,4,4,4,2,0,0,0,2,5,2,0,0,0,4,2
// Arch Bishop	(Trans 2nd to 3rd)
4063,4,0,3,0,5,0,4,4,0,3,3,0,0,5,5,0,0,1,1,0,0,4,0,1,0,2,2,1,0,0,0,4,0,3,0,5,0,2,2,4,4,0,0,5,3,1,0,0,4,5
// Mechanic	(Trans 2nd to 3rd)
4064,6,1,0,0,1,0,6,2,5,4,0,0,4,6,0,0,2,0,3,3,4,5,0,0,3,6,0,0,3,0,1,1,3,6,0,0,4,4,0,0,0,3,3,1,1,0,0,5,2,0
// Guillotine Cross (Trans 2nd to 3rd)
4065,2,5,0,1,1,0,0,0,1,2,5,0,0,3,3,1,0,0,3,1,0,0,2,2,5,0,0,4,4,1,3,0,0,0,2,5,5,0,0,0,4,3,2,2,0,0,0,4,5,5
// Royal Guard	(Base 2nd to 3rd)
4066,5,5,5,5,5,0,0,0,2,2,2,2,2,0,0,0,1,1,1,1,1,0,0,0,0,6,6,6,6,6,0,0,0,0,0,3,3,3,3,3,0,0,0,0,0,4,4,4,4,4
// Sorcerer	(Base 2nd to 3rd)
4067,4,4,5,3,4,0,0,0,0,1,1,4,4,3,5,0,0,0,5,2,2,4,3,5,0,0,0,0,0,4,5,3,1,0,0,0,0,0,4,5,2,0,0,5,3,4,6,6,6,4
// Minstrel	(Base 2nd to 3rd)
4068,0,0,3,0,5,0,4,4,0,3,3,0,0,5,5,0,0,1,1,0,0,4,0,1,0,2,2,1,0,0,0,4,0,3,0,5,0,2,0,4,4,0,0,5,3,1,0,0,4,5
// Wanderer	(Base 2nd to 3rd)
4069,5,4,4,2,0,0,2,5,4,0,0,3,3,3,0,0,5,2,0,0,4,3,5,0,0,1,1,0,0,5,2,3,0,0,0,4,4,4,2,0,0,0,2,5,2,0,0,0,4,2
// Sura		(Base 2nd to 3rd)
4070,2,5,0,1,1,0,0,0,1,2,5,0,0,3,3,1,0,0,3,1,0,0,2,2,5,0,0,4,4,1,3,0,0,0,2,5,5,0,0,0,4,3,2,2,0,0,0,4,5,5
// Genetic	(Base 2nd to 3rd)
4071,4,4,5,0,0,5,4,2,0,0,0,4,5,0,0,0,0,3,5,2,0,0,4,3,3,0,0,5,2,0,6,0,0,0,4,4,1,0,5,2,4,0,0,4,4,0,2,0,0,4
// Shadow Chaser	(Base 2nd to 3rd)
4072,6,1,0,0,1,0,6,2,5,4,0,0,4,6,0,0,2,0,3,3,4,5,0,0,3,6,0,0,3,0,1,1,3,6,0,0,4,4,0,0,0,3,3,1,1,0,0,5,2,0
// Royal Guard	(Trans 2nd to 3rd)
4073,5,5,5,5,5,0,0,0,2,2,2,2,2,0,0,0,1,1,1,1,1,0,0,0,0,6,6,6,6,6,0,0,0,0,0,3,3,3,3,3,0,0,0,0,0,4,4,4,4,4
// Sorcerer	(Trans 2nd to 3rd)
4074,4,4,5,3,4,0,0,0,0,1,1,4,4,3,5,0,0,0,5,2,2,4,3,5,0,0,0,0,0,4,5,3,1,0,0,0,0,0,4,5,2,0,0,5,3,4,6,6,6,4
// Minstrel	(Trans 2nd to 3rd)
4075,0,0,3,0,5,0,4,4,0,3,3,0,0,5,5,0,0,1,1,0,0,4,0,1,0,2,2,1,0,0,0,4,0,3,0,5,0,2,0,4,4,0,0,5,3,1,0,0,4,5
// Wanderer	(Trans 2nd to 3rd)
4076,5,4,4,2,0,0,2,5,4,0,0,3,3,3,0,0,5,2,0,0,4,3,5,0,0,1,1,0,0,5,2,3,0,0,0,4,4,4,2,0,0,0,2,5,2,0,0,0,4,2
// Sura		(Trans 2nd to 3rd)
4077,2,5,0,1,1,0,0,0,1,2,5,0,0,3,3,1,0,0,3,1,0,0,2,2,5,0,0,4,4,1,3,0,0,0,2,5,5,0,0,0,4,3,2,2,0,0,0,4,5,5
// Genetic	(Trans 2nd to 3rd)
4078,4,4,5,0,0,5,4,2,0,0,0,4,5,0,0,0,0,3,5,2,0,0,4,3,3,0,0,5,2,0,6,0,0,0,4,4,1,0,5,2,4,0,0,4,4,0,2,0,0,4
// Shadow Chaser	(Trans 2nd to 3rd)
4079,6,1,0,0,1,0,6,2,5,4,0,0,4,6,0,0,2,0,3,3,4,5,0,0,3,6,0,0,3,0,1,1,3,6,0,0,4,4,0,0,0,3,3,1,1,0,0,5,2,0
// Rune Knight Mount	(Base 2nd to 3rd)
4080,4,4,5,3,4,0,0,0,0,1,1,4,4,3,5,0,0,0,5,2,2,4,3,5,0,0,0,0,0,4,5,3,1,0,0,0,0,0,4,5,2,0,0,5,3,4,6,6,6,4
// Rune Knight Mount	(Trans 2nd to 3rd)
4081,4,4,5,3,4,0,0,0,0,1,1,4,4,3,5,0,0,0,5,2,2,4,3,5,0,0,0,0,0,4,5,3,1,0,0,0,0,0,4,5,2,0,0,5,3,4,6,6,6,4
// Royal Guard Mount	(Base 2nd to 3rd)
4082,0,0,0,0,0,0,0,0,0,0,0,0,0,0,0,0,0,0,0,0,0,0,0,0,0,0,0,0,0,0,0,0,0,0,0,0,0,0,0,0,0,0,0,0,0,0,0,0,0,0
// Royal Guard Mount	(Trans 2nd to 3rd)
4083,0,0,0,0,0,0,0,0,0,0,0,0,0,0,0,0,0,0,0,0,0,0,0,0,0,0,0,0,0,0,0,0,0,0,0,0,0,0,0,0,0,0,0,0,0,0,0,0,0,0
// Ranger Mount	(Base 2nd to 3rd)
4084,5,4,4,2,0,0,2,5,4,0,0,3,3,3,0,0,5,2,0,0,4,3,5,0,0,1,1,0,0,5,2,3,0,0,0,4,4,4,2,0,0,0,2,5,2,0,0,0,4,2
// Ranger Mount	(Trans 2nd to 3rd)
4085,5,4,4,2,0,0,2,5,4,0,0,3,3,3,0,0,5,2,0,0,4,3,5,0,0,1,1,0,0,5,2,3,0,0,0,4,4,4,2,0,0,0,2,5,2,0,0,0,4,2
// Mechanic Mount	(Base 2nd to 3rd)
4086,6,1,0,0,1,0,6,2,5,4,0,0,4,6,0,0,2,0,3,3,4,5,0,0,3,6,0,0,3,0,1,1,3,6,0,0,4,4,0,0,0,3,3,1,1,0,0,5,2,0
// Mechanic Mount	(Trans 2nd to 3rd)
4087,6,1,0,0,1,0,6,2,5,4,0,0,4,6,0,0,2,0,3,3,4,5,0,0,3,6,0,0,3,0,1,1,3,6,0,0,4,4,0,0,0,3,3,1,1,0,0,5,2,0
