//knight quest mobs with poring stats
1419,G_FARMILIAR,Poring,1,50,0,2,1,1,7,10,0,5,1,1,1,0,6,30,10,12,1,3,21,3,400,1872,672,480,909,7000,1202,100,938,400,512,1000,713,1500,741,5,619,20,4001,20,0,0
1420,G_ARCHER_SKELETON,Poring,1,50,0,2,1,1,7,10,0,5,1,1,1,0,6,30,10,12,1,3,21,3,400,1872,672,480,909,7000,1202,100,938,400,512,1000,713,1500,741,5,619,20,4001,20,0,0
1421,G_ISIS,Poring,1,50,0,2,1,1,7,10,0,5,1,1,1,0,6,30,10,12,1,3,21,3,400,1872,672,480,909,7000,1202,100,938,400,512,1000,713,1500,741,5,619,20,4001,20,0,0
1422,G_HUNTER_FLY,Poring,1,50,0,2,1,1,7,10,0,5,1,1,1,0,6,30,10,12,1,3,21,3,400,1872,672,480,909,7000,1202,100,938,400,512,1000,713,1500,741,5,619,20,4001,20,0,0
1423,G_GHOUL,Poring,1,50,0,2,1,1,7,10,0,5,1,1,1,0,6,30,10,12,1,3,21,3,400,1872,672,480,909,7000,1202,100,938,400,512,1000,713,1500,741,5,619,20,4001,20,0,0
1424,G_SIDE_WINDER,Poring,1,50,0,2,1,1,7,10,0,5,1,1,1,0,6,30,10,12,1,3,21,3,400,1872,672,480,909,7000,1202,100,938,400,512,1000,713,1500,741,5,619,20,4001,20,0,0
1425,G_OBEAUNE,Poring,1,50,0,2,1,1,7,10,0,5,1,1,1,0,6,30,10,12,1,3,21,3,400,1872,672,480,909,7000,1202,100,938,400,512,1000,713,1500,741,5,619,20,4001,20,0,0
1426,G_MARC,Poring,1,50,0,2,1,1,7,10,0,5,1,1,1,0,6,30,10,12,1,3,21,3,400,1872,672,480,909,7000,1202,100,938,400,512,1000,713,1500,741,5,619,20,4001,20,0,0
1427,G_NIGHTMARE,Poring,1,50,0,2,1,1,7,10,0,5,1,1,1,0,6,30,10,12,1,3,21,3,400,1872,672,480,909,7000,1202,100,938,400,512,1000,713,1500,741,5,619,20,4001,20,0,0
1428,G_POISON_SPORE,Poring,1,50,0,2,1,1,7,10,0,5,1,1,1,0,6,30,10,12,1,3,21,3,400,1872,672,480,909,7000,1202,100,938,400,512,1000,713,1500,741,5,619,20,4001,20,0,0
1429,G_ARGIOPE,Poring,1,50,0,2,1,1,7,10,0,5,1,1,1,0,6,30,10,12,1,3,21,3,400,1872,672,480,909,7000,1202,100,938,400,512,1000,713,1500,741,5,619,20,4001,20,0,0
1430,G_ARGOS,Poring,1,50,0,2,1,1,7,10,0,5,1,1,1,0,6,30,10,12,1,3,21,3,400,1872,672,480,909,7000,1202,100,938,400,512,1000,713,1500,741,5,619,20,4001,20,0,0
1431,G_BAPHOMET_,Poring,1,50,0,2,1,1,7,10,0,5,1,1,1,0,6,30,10,12,1,3,21,3,400,1872,672,480,909,7000,1202,100,938,400,512,1000,713,1500,741,5,619,20,4001,20,0,0
1432,G_DESERT_WOLF,Poring,1,50,0,2,1,1,7,10,0,5,1,1,1,0,6,30,10,12,1,3,21,3,400,1872,672,480,909,7000,1202,100,938,400,512,1000,713,1500,741,5,619,20,4001,20,0,0
1433,G_DEVIRUCHI,Poring,1,50,0,2,1,1,7,10,0,5,1,1,1,0,6,30,10,12,1,3,21,3,400,1872,672,480,909,7000,1202,100,938,400,512,1000,713,1500,741,5,619,20,4001,20,0,0
1434,G_DRAINLIAR,Poring,1,50,0,2,1,1,7,10,0,5,1,1,1,0,6,30,10,12,1,3,21,3,400,1872,672,480,909,7000,1202,100,938,400,512,1000,713,1500,741,5,619,20,4001,20,0,0
1435,G_EVIL_DRUID,Poring,1,50,0,2,1,1,7,10,0,5,1,1,1,0,6,30,10,12,1,3,21,3,400,1872,672,480,909,7000,1202,100,938,400,512,1000,713,1500,741,5,619,20,4001,20,0,0
1436,G_JAKK,Poring,1,50,0,2,1,1,7,10,0,5,1,1,1,0,6,30,10,12,1,3,21,3,400,1872,672,480,909,7000,1202,100,938,400,512,1000,713,1500,741,5,619,20,4001,20,0,0
1437,G_JOKER,Poring,1,50,0,2,1,1,7,10,0,5,1,1,1,0,6,30,10,12,1,3,21,3,400,1872,672,480,909,7000,1202,100,938,400,512,1000,713,1500,741,5,619,20,4001,20,0,0
1438,G_KHALITZBURG,Poring,1,50,0,2,1,1,7,10,0,5,1,1,1,0,6,30,10,12,1,3,21,3,400,1872,672,480,909,7000,1202,100,938,400,512,1000,713,1500,741,5,619,20,4001,20,0,0
1439,G_HIGH_ORC,Poring,1,50,0,2,1,1,7,10,0,5,1,1,1,0,6,30,10,12,1,3,21,3,400,1872,672,480,909,7000,1202,100,938,400,512,1000,713,1500,741,5,619,20,4001,20,0,0
1440,G_STEM_WORM,Poring,1,50,0,2,1,1,7,10,0,5,1,1,1,0,6,30,10,12,1,3,21,3,400,1872,672,480,909,7000,1202,100,938,400,512,1000,713,1500,741,5,619,20,4001,20,0,0
1441,G_PENOMENA,Poring,1,50,0,2,1,1,7,10,0,5,1,1,1,0,6,30,10,12,1,3,21,3,400,1872,672,480,909,7000,1202,100,938,400,512,1000,713,1500,741,5,619,20,4001,20,0,0
1442,G_SASQUATCH,Poring,1,50,0,2,1,1,7,10,0,5,1,1,1,0,6,30,10,12,1,3,21,3,400,1872,672,480,909,7000,1202,100,938,400,512,1000,713,1500,741,5,619,20,4001,20,0,0
1443,G_CRUISER,Poring,1,50,0,2,1,1,7,10,0,5,1,1,1,0,6,30,10,12,1,3,21,3,400,1872,672,480,909,7000,1202,100,938,400,512,1000,713,1500,741,5,619,20,4001,20,0,0
1444,G_CHEPET,Poring,1,50,0,2,1,1,7,10,0,5,1,1,1,0,6,30,10,12,1,3,21,3,400,1872,672,480,909,7000,1202,100,938,400,512,1000,713,1500,741,5,619,20,4001,20,0,0
1445,G_RAGGLER,Poring,1,50,0,2,1,1,7,10,0,5,1,1,1,0,6,30,10,12,1,3,21,3,400,1872,672,480,909,7000,1202,100,938,400,512,1000,713,1500,741,5,619,20,4001,20,0,0
1446,G_INJUSTICE,Poring,1,50,0,2,1,1,7,10,0,5,1,1,1,0,6,30,10,12,1,3,21,3,400,1872,672,480,909,7000,1202,100,938,400,512,1000,713,1500,741,5,619,20,4001,20,0,0
1447,G_GRYPHON,Poring,1,50,0,2,1,1,7,10,0,5,1,1,1,0,6,30,10,12,1,3,21,3,400,1872,672,480,909,7000,1202,100,938,400,512,1000,713,1500,741,5,619,20,4001,20,0,0
1448,G_DARK_FRAME,Poring,1,50,0,2,1,1,7,10,0,5,1,1,1,0,6,30,10,12,1,3,21,3,400,1872,672,480,909,7000,1202,100,938,400,512,1000,713,1500,741,5,619,20,4001,20,0,0
1449,G_MUTANT_DRAGON,Poring,1,50,0,2,1,1,7,10,0,5,1,1,1,0,6,30,10,12,1,3,21,3,400,1872,672,480,909,7000,1202,100,938,400,512,1000,713,1500,741,5,619,20,4001,20,0,0
1450,G_WIND_GHOST,Poring,1,50,0,2,1,1,7,10,0,5,1,1,1,0,6,30,10,12,1,3,21,3,400,1872,672,480,909,7000,1202,100,938,400,512,1000,713,1500,741,5,619,20,4001,20,0,0
1451,G_MERMAN,Poring,1,50,0,2,1,1,7,10,0,5,1,1,1,0,6,30,10,12,1,3,21,3,400,1872,672,480,909,7000,1202,100,938,400,512,1000,713,1500,741,5,619,20,4001,20,0,0
1452,G_ORC_LADY,Poring,1,50,0,2,1,1,7,10,0,5,1,1,1,0,6,30,10,12,1,3,21,3,400,1872,672,480,909,7000,1202,100,938,400,512,1000,713,1500,741,5,619,20,4001,20,0,0
1453,G_RAYDRIC_ARCHER,Poring,1,50,0,2,1,1,7,10,0,5,1,1,1,0,6,30,10,12,1,3,21,3,400,1872,672,480,909,7000,1202,100,938,400,512,1000,713,1500,741,5,619,20,4001,20,0,0
1454,G_TRI_JOINT,Poring,1,50,0,2,1,1,7,10,0,5,1,1,1,0,6,30,10,12,1,3,21,3,400,1872,672,480,909,7000,1202,100,938,400,512,1000,713,1500,741,5,619,20,4001,20,0,0
1455,G_KOBOLD_ARCHER,Poring,1,50,0,2,1,1,7,10,0,5,1,1,1,0,6,30,10,12,1,3,21,3,400,1872,672,480,909,7000,1202,100,938,400,512,1000,713,1500,741,5,619,20,4001,20,0,0
1456,G_CHIMERA,Poring,1,50,0,2,1,1,7,10,0,5,1,1,1,0,6,30,10,12,1,3,21,3,400,1872,672,480,909,7000,1202,100,938,400,512,1000,713,1500,741,5,619,20,4001,20,0,0
1457,G_MANTIS,Poring,1,50,0,2,1,1,7,10,0,5,1,1,1,0,6,30,10,12,1,3,21,3,400,1872,672,480,909,7000,1202,100,938,400,512,1000,713,1500,741,5,619,20,4001,20,0,0
1458,G_MARDUK,Poring,1,50,0,2,1,1,7,10,0,5,1,1,1,0,6,30,10,12,1,3,21,3,400,1872,672,480,909,7000,1202,100,938,400,512,1000,713,1500,741,5,619,20,4001,20,0,0
1459,G_MARIONETTE,Poring,1,50,0,2,1,1,7,10,0,5,1,1,1,0,6,30,10,12,1,3,21,3,400,1872,672,480,909,7000,1202,100,938,400,512,1000,713,1500,741,5,619,20,4001,20,0,0
1460,G_MATYR,Poring,1,50,0,2,1,1,7,10,0,5,1,1,1,0,6,30,10,12,1,3,21,3,400,1872,672,480,909,7000,1202,100,938,400,512,1000,713,1500,741,5,619,20,4001,20,0,0
1461,G_MINOROUS,Poring,1,50,0,2,1,1,7,10,0,5,1,1,1,0,6,30,10,12,1,3,21,3,400,1872,672,480,909,7000,1202,100,938,400,512,1000,713,1500,741,5,619,20,4001,20,0,0
1462,G_ORC_SKELETON,Poring,1,50,0,2,1,1,7,10,0,5,1,1,1,0,6,30,10,12,1,3,21,3,400,1872,672,480,909,7000,1202,100,938,400,512,1000,713,1500,741,5,619,20,4001,20,0,0
1463,G_ORC_ZOMBIE,Poring,1,50,0,2,1,1,7,10,0,5,1,1,1,0,6,30,10,12,1,3,21,3,400,1872,672,480,909,7000,1202,100,938,400,512,1000,713,1500,741,5,619,20,4001,20,0,0
1464,G_PASANA,Poring,1,50,0,2,1,1,7,10,0,5,1,1,1,0,6,30,10,12,1,3,21,3,400,1872,672,480,909,7000,1202,100,938,400,512,1000,713,1500,741,5,619,20,4001,20,0,0
1465,G_PETIT,Poring,1,50,0,2,1,1,7,10,0,5,1,1,1,0,6,30,10,12,1,3,21,3,400,1872,672,480,909,7000,1202,100,938,400,512,1000,713,1500,741,5,619,20,4001,20,0,0
1466,G_PETIT_,Poring,1,50,0,2,1,1,7,10,0,5,1,1,1,0,6,30,10,12,1,3,21,3,400,1872,672,480,909,7000,1202,100,938,400,512,1000,713,1500,741,5,619,20,4001,20,0,0
1467,G_RAYDRIC,Poring,1,50,0,2,1,1,7,10,0,5,1,1,1,0,6,30,10,12,1,3,21,3,400,1872,672,480,909,7000,1202,100,938,400,512,1000,713,1500,741,5,619,20,4001,20,0,0
1468,G_REQUIEM,Poring,1,50,0,2,1,1,7,10,0,5,1,1,1,0,6,30,10,12,1,3,21,3,400,1872,672,480,909,7000,1202,100,938,400,512,1000,713,1500,741,5,619,20,4001,20,0,0
1469,G_SKEL_WORKER,Poring,1,50,0,2,1,1,7,10,0,5,1,1,1,0,6,30,10,12,1,3,21,3,400,1872,672,480,909,7000,1202,100,938,400,512,1000,713,1500,741,5,619,20,4001,20,0,0
1470,G_ZEROM,Poring,1,50,0,2,1,1,7,10,0,5,1,1,1,0,6,30,10,12,1,3,21,3,400,1872,672,480,909,7000,1202,100,938,400,512,1000,713,1500,741,5,619,20,4001,20,0,0
1471,G_NINE_TAIL,Poring,1,50,0,2,1,1,7,10,0,5,1,1,1,0,6,30,10,12,1,3,21,3,400,1872,672,480,909,7000,1202,100,938,400,512,1000,713,1500,741,5,619,20,4001,20,0,0
1472,G_BON_GUN,Poring,1,50,0,2,1,1,7,10,0,5,1,1,1,0,6,30,10,12,1,3,21,3,400,1872,672,480,909,7000,1202,100,938,400,512,1000,713,1500,741,5,619,20,4001,20,0,0
1473,G_ORC_ARCHER,Poring,1,50,0,2,1,1,7,10,0,5,1,1,1,0,6,30,10,12,1,3,21,3,400,1872,672,480,909,7000,1202,100,938,400,512,1000,713,1500,741,5,619,20,4001,20,0,0
1474,G_MIMIC,Poring,1,50,0,2,1,1,7,10,0,5,1,1,1,0,6,30,10,12,1,3,21,3,400,1872,672,480,909,7000,1202,100,938,400,512,1000,713,1500,741,5,619,20,4001,20,0,0
1475,G_WRAITH,Poring,1,50,0,2,1,1,7,10,0,5,1,1,1,0,6,30,10,12,1,3,21,3,400,1872,672,480,909,7000,1202,100,938,400,512,1000,713,1500,741,5,619,20,4001,20,0,0
1476,G_ALARM,Poring,1,50,0,2,1,1,7,10,0,5,1,1,1,0,6,30,10,12,1,3,21,3,400,1872,672,480,909,7000,1202,100,938,400,512,1000,713,1500,741,5,619,20,4001,20,0,0
1477,G_ARCLOUSE,Poring,1,50,0,2,1,1,7,10,0,5,1,1,1,0,6,30,10,12,1,3,21,3,400,1872,672,480,909,7000,1202,100,938,400,512,1000,713,1500,741,5,619,20,4001,20,0,0
1478,G_RIDEWORD,Poring,1,50,0,2,1,1,7,10,0,5,1,1,1,0,6,30,10,12,1,3,21,3,400,1872,672,480,909,7000,1202,100,938,400,512,1000,713,1500,741,5,619,20,4001,20,0,0
1479,G_SKEL_PRISONER,Poring,1,50,0,2,1,1,7,10,0,5,1,1,1,0,6,30,10,12,1,3,21,3,400,1872,672,480,909,7000,1202,100,938,400,512,1000,713,1500,741,5,619,20,4001,20,0,0
1480,G_ZOMBIE_PRISONER,Poring,1,50,0,2,1,1,7,10,0,5,1,1,1,0,6,30,10,12,1,3,21,3,400,1872,672,480,909,7000,1202,100,938,400,512,1000,713,1500,741,5,619,20,4001,20,0,0
1481,G_PUNK,Poring,1,50,0,2,1,1,7,10,0,5,1,1,1,0,6,30,10,12,1,3,21,3,400,1872,672,480,909,7000,1202,100,938,400,512,1000,713,1500,741,5,619,20,4001,20,0,0
1482,G_ZHERLTHSH,Poring,1,50,0,2,1,1,7,10,0,5,1,1,1,0,6,30,10,12,1,3,21,3,400,1872,672,480,909,7000,1202,100,938,400,512,1000,713,1500,741,5,619,20,4001,20,0,0
1483,G_RYBIO,Poring,1,50,0,2,1,1,7,10,0,5,1,1,1,0,6,30,10,12,1,3,21,3,400,1872,672,480,909,7000,1202,100,938,400,512,1000,713,1500,741,5,619,20,4001,20,0,0
1484,G_PHENDARK,Poring,1,50,0,2,1,1,7,10,0,5,1,1,1,0,6,30,10,12,1,3,21,3,400,1872,672,480,909,7000,1202,100,938,400,512,1000,713,1500,741,5,619,20,4001,20,0,0
1485,G_MYSTELTAINN,Poring,1,50,0,2,1,1,7,10,0,5,1,1,1,0,6,30,10,12,1,3,21,3,400,1872,672,480,909,7000,1202,100,938,400,512,1000,713,1500,741,5,619,20,4001,20,0,0
1486,G_TIRFING,Poring,1,50,0,2,1,1,7,10,0,5,1,1,1,0,6,30,10,12,1,3,21,3,400,1872,672,480,909,7000,1202,100,938,400,512,1000,713,1500,741,5,619,20,4001,20,0,0
1487,G_EXECUTIONER,Poring,1,50,0,2,1,1,7,10,0,5,1,1,1,0,6,30,10,12,1,3,21,3,400,1872,672,480,909,7000,1202,100,938,400,512,1000,713,1500,741,5,619,20,4001,20,0,0
1488,G_ANOLIAN,Poring,1,50,0,2,1,1,7,10,0,5,1,1,1,0,6,30,10,12,1,3,21,3,400,1872,672,480,909,7000,1202,100,938,400,512,1000,713,1500,741,5,619,20,4001,20,0,0
1489,G_STING,Poring,1,50,0,2,1,1,7,10,0,5,1,1,1,0,6,30,10,12,1,3,21,3,400,1872,672,480,909,7000,1202,100,938,400,512,1000,713,1500,741,5,619,20,4001,20,0,0
1490,G_WANDER_MAN,Poring,1,50,0,2,1,1,7,10,0,5,1,1,1,0,6,30,10,12,1,3,21,3,400,1872,672,480,909,7000,1202,100,938,400,512,1000,713,1500,741,5,619,20,4001,20,0,0
1491,G_DOKEBI,Poring,1,50,0,2,1,1,7,10,0,5,1,1,1,0,6,30,10,12,1,3,21,3,400,1872,672,480,909,7000,1202,100,938,400,512,1000,713,1500,741,5,619,20,4001,20,0,0
