// JobNo,Skill-ID,MaxLV,前提Skill-ID-1,前提Skill-ID-1-Lv,計5個まで繰り返し
// Novice
0,1,9,0,0,0,0,0,0,0,0,0,0//NV_BASIC		#基本スキル#
0,142,1,0,0,0,0,0,0,0,0,0,0//NV_FIRSTAID	#応急手当#
0,143,1,0,0,0,0,0,0,0,0,0,0//NV_TRICKDEAD	#死んだふり#
// Swordman
1,1,9,0,0,0,0,0,0,0,0,0,0//NV_BASIC		#基本スキル#
1,142,1,0,0,0,0,0,0,0,0,0,0//NV_FIRSTAID	#応急手当#
1,2,10,0,0,0,0,0,0,0,0,0,0//SM_SWORD		#剣修練#
1,3,10,2,1,0,0,0,0,0,0,0,0//SM_TWOHAND		#両手剣修練#
1,4,10,0,0,0,0,0,0,0,0,0,0//SM_RECOVERY		#HP回復力向上#
1,5,10,0,0,0,0,0,0,0,0,0,0//SM_BASH		#バッシュ#
1,6,10,0,0,0,0,0,0,0,0,0,0//SM_PROVOKE		#プロボック#
1,7,10,5,5,0,0,0,0,0,0,0,0//SM_MAGNUM		#マグナムブレイク#
1,8,10,6,5,0,0,0,0,0,0,0,0//SM_ENDURE		#インデュア#
1,144,1,0,0,0,0,0,0,0,0,0,0//SM_MOVINGRECOVERY	#移動時HP回復#
1,145,1,0,0,0,0,0,0,0,0,0,0//SM_FATALBLOW	#急所攻撃#
1,146,1,0,0,0,0,0,0,0,0,0,0//SM_AUTOBERSERK	#オートバーサーク#
// Magican
2,1,9,0,0,0,0,0,0,0,0,0,0//NV_BASIC		#基本スキル#
2,142,1,0,0,0,0,0,0,0,0,0,0//NV_FIRSTAID	#応急手当#
2,9,10,0,0,0,0,0,0,0,0,0,0//MG_SRECOVERY	#SP回復力向上#
2,10,1,0,0,0,0,0,0,0,0,0,0//MG_SIGHT		#サイト#
2,11,10,0,0,0,0,0,0,0,0,0,0//MG_NAPALMBEAT	#ナパームビート#
2,12,10,11,7,13,5,0,0,0,0,0,0//MG_SAFETYWALL	#セイフティウォール#
2,13,10,11,4,0,0,0,0,0,0,0,0//MG_SOULSTRIKE	#ソウルストライク#
2,14,10,0,0,0,0,0,0,0,0,0,0//MG_COLDBOLT	#コールドボルト#
2,15,10,14,5,0,0,0,0,0,0,0,0//MG_FROSTDIVER	#フロストダイバー#
2,16,10,0,0,0,0,0,0,0,0,0,0//MG_STONECURSE	#ストーンカース#
2,17,10,19,4,0,0,0,0,0,0,0,0//MG_FIREBALL	#ファイアーボール#
2,18,10,17,5,10,1,0,0,0,0,0,0//MG_FIREWALL	#ファイアーウォール#
2,19,10,0,0,0,0,0,0,0,0,0,0//MG_FIREBOLT	#ファイアーボルト#
2,20,10,0,0,0,0,0,0,0,0,0,0//MG_LIGHTNINGBOLT	#ライトニングボルト#
2,21,10,20,4,0,0,0,0,0,0,0,0//MG_THUNDERSTORM	#サンダーストーム#
2,157,1,0,0,0,0,0,0,0,0,0,0//MG_ENERGYCOAT	#エナジーコート#
// Archer
3,1,9,0,0,0,0,0,0,0,0,0,0//NV_BASIC		#基本スキル#
3,142,1,0,0,0,0,0,0,0,0,0,0//NV_FIRSTAID	#応急手当#
3,43,10,0,0,0,0,0,0,0,0,0,0//AC_OWL		#ふくろうの目#
3,44,10,43,3,0,0,0,0,0,0,0,0//AC_VULTURE	#ワシの目#
3,45,10,44,1,0,0,0,0,0,0,0,0//AC_CONCENTRATION	#集中力向上#
3,46,10,0,0,0,0,0,0,0,0,0,0//AC_DOUBLE		#ダブルストレイフィング#
3,47,10,46,5,0,0,0,0,0,0,0,0//AC_SHOWER		#アローシャワー#
3,147,1,0,0,0,0,0,0,0,0,0,0//AC_MAKINGARROW	#矢作成#
3,148,1,0,0,0,0,0,0,0,0,0,0//AC_CHARGEARROW	#チャージアロー#
// Acolyte
4,1,9,0,0,0,0,0,0,0,0,0,0//NV_BASIC		#基本スキル#
4,142,1,0,0,0,0,0,0,0,0,0,0//NV_FIRSTAID	#応急手当#
4,22,10,0,0,0,0,0,0,0,0,0,0//AL_DP		#ディバインプロテクション#
4,23,10,22,3,0,0,0,0,0,0,0,0//AL_DEMONBANE	#デーモンベイン#
4,24,1,0,0,0,0,0,0,0,0,0,0//AL_RUWACH		#ルアフ#
4,25,1,27,4,0,0,0,0,0,0,0,0//AL_PNEUMA		#ニューマ#
4,26,2,24,1,0,0,0,0,0,0,0,0//AL_TELEPORT	#テレポート#
4,27,4,26,2,0,0,0,0,0,0,0,0//AL_WARP		#ワープポータル#
4,28,10,0,0,0,0,0,0,0,0,0,0//AL_HEAL		#ヒール#
4,29,10,28,3,0,0,0,0,0,0,0,0//AL_INCAGI		#速度増加#
4,30,10,29,1,0,0,0,0,0,0,0,0//AL_DECAGI		#速度減少#
4,31,1,0,0,0,0,0,0,0,0,0,0//AL_HOLYWATER	#アクアベネディクタ#
4,32,10,23,3,0,0,0,0,0,0,0,0//AL_CRUCIS		#シグナムクルシス#
4,33,10,22,3,0,0,0,0,0,0,0,0//AL_ANGELUS	#エンジェラス#
4,34,10,22,5,0,0,0,0,0,0,0,0//AL_BLESSING	#ブレッシング#
4,35,1,28,2,0,0,0,0,0,0,0,0//AL_CURE		#キュアー#
4,156,1,0,0,0,0,0,0,0,0,0,0//AL_HOLYLIGHT	#ホーリーライト#
// Merchant
5,1,9,0,0,0,0,0,0,0,0,0,0//NV_BASIC		#基本スキル#
5,142,1,0,0,0,0,0,0,0,0,0,0//NV_FIRSTAID	#応急手当#
5,36,10,0,0,0,0,0,0,0,0,0,0//MC_INCCARRY	#所持限界量増加#
5,37,10,36,3,0,0,0,0,0,0,0,0//MC_DISCOUNT	#ディスカウント#
5,38,10,37,3,0,0,0,0,0,0,0,0//MC_OVERCHARGE	#オーバーチャージ#
5,39,10,36,5,0,0,0,0,0,0,0,0//MC_PUSHCART	#プッシュカート#
5,40,1,0,0,0,0,0,0,0,0,0,0//MC_IDENTIFY		#アイテム鑑定#
5,41,10,39,3,0,0,0,0,0,0,0,0//MC_VENDING	#露店開設#
5,42,10,0,0,0,0,0,0,0,0,0,0//MC_MAMMONITE	#メマーナイト#
5,153,1,0,0,0,0,0,0,0,0,0,0//MC_CARTREVOLUTION	#カートレボリューション#
5,154,1,0,0,0,0,0,0,0,0,0,0//MC_CHANGECART	#チェンジカート#
5,155,1,0,0,0,0,0,0,0,0,0,0//MC_LOUD		#ラウドボイス#
// Thief
6,1,9,0,0,0,0,0,0,0,0,0,0//NV_BASIC		#基本スキル#
6,142,1,0,0,0,0,0,0,0,0,0,0//NV_FIRSTAID	#応急手当#
6,48,10,0,0,0,0,0,0,0,0,0,0//TF_DOUBLE		#ダブルアタック#
6,49,10,0,0,0,0,0,0,0,0,0,0//TF_MISS		#回避率増加#
6,50,10,0,0,0,0,0,0,0,0,0,0//TF_STEAL		#スティール#
6,51,10,50,5,0,0,0,0,0,0,0,0//TF_HIDING		#ハイディング#
6,52,10,0,0,0,0,0,0,0,0,0,0//TF_POISON		#インベナム#
6,53,1,52,3,0,0,0,0,0,0,0,0//TF_DETOXIFY	#解毒#
6,149,1,0,0,0,0,0,0,0,0,0,0//TF_SPRINKLESAND	#砂まき#
6,150,1,0,0,0,0,0,0,0,0,0,0//TF_BACKSLIDING	#バックステップ#
6,151,1,0,0,0,0,0,0,0,0,0,0//TF_PICKSTONE	#石拾い#
6,152,1,0,0,0,0,0,0,0,0,0,0//TF_THROWSTONE	#石投げ#
// Knight
7,1,9,0,0,0,0,0,0,0,0,0,0//NV_BASIC		#基本スキル#
7,142,1,0,0,0,0,0,0,0,0,0,0//NV_FIRSTAID	#応急手当#
7,2,10,0,0,0,0,0,0,0,0,0,0//SM_SWORD		#剣修練#
7,3,10,2,1,0,0,0,0,0,0,0,0//SM_TWOHAND		#両手剣修練#
7,4,10,0,0,0,0,0,0,0,0,0,0//SM_RECOVERY		#HP回復力向上#
7,5,10,0,0,0,0,0,0,0,0,0,0//SM_BASH		#バッシュ#
7,6,10,0,0,0,0,0,0,0,0,0,0//SM_PROVOKE		#プロボック#
7,7,10,5,5,0,0,0,0,0,0,0,0//SM_MAGNUM		#マグナムブレイク#
7,8,10,6,5,0,0,0,0,0,0,0,0//SM_ENDURE		#インデュア#
7,144,1,0,0,0,0,0,0,0,0,0,0//SM_MOVINGRECOVERY	#移動時HP回復#
7,145,1,0,0,0,0,0,0,0,0,0,0//SM_FATALBLOW	#急所攻撃#
7,146,1,0,0,0,0,0,0,0,0,0,0//SM_AUTOBERSERK	#オートバーサーク#
7,55,10,0,0,0,0,0,0,0,0,0,0//KN_SPEARMASTERY	#槍修練#
7,56,10,55,1,0,0,0,0,0,0,0,0//KN_PIERCE		#ピアース#
7,57,10,63,1,58,3,0,0,0,0,0,0//KN_BRANDISHSPEAR	#ブランディッシュスピア#
7,58,10,56,5,0,0,0,0,0,0,0,0//KN_SPEARSTAB	#スピアスタブ#
7,59,5,56,3,0,0,0,0,0,0,0,0//KN_SPEARBOOMERANG	#スピアブーメラン#
7,60,10,3,1,0,0,0,0,0,0,0,0//KN_TWOHANDQUICKEN	#ツーハンドクイッケン#
7,61,5,3,1,0,0,0,0,0,0,0,0//KN_AUTOCOUNTER	#オートカウンター#
7,62,10,5,10,7,3,3,5,60,10,61,5//KN_BOWLINGBASH	#ボウリングバッシュ#
7,63,1,8,1,0,0,0,0,0,0,0,0//KN_RIDING		#ライディング#
7,64,5,63,1,0,0,0,0,0,0,0,0//KN_CAVALIERMASTERY#騎兵修練#
// Priest
8,1,9,0,0,0,0,0,0,0,0,0,0//NV_BASIC		#基本スキル#
8,142,1,0,0,0,0,0,0,0,0,0,0//NV_FIRSTAID	#応急手当#
8,22,10,0,0,0,0,0,0,0,0,0,0//AL_DP		#ディバインプロテクション#
8,23,10,22,3,0,0,0,0,0,0,0,0//AL_DEMONBANE	#デーモンベイン#
8,24,1,0,0,0,0,0,0,0,0,0,0//AL_RUWACH		#ルアフ#
8,25,1,27,4,0,0,0,0,0,0,0,0//AL_PNEUMA		#ニューマ#
8,26,2,24,1,0,0,0,0,0,0,0,0//AL_TELEPORT	#テレポート#
8,27,4,26,2,0,0,0,0,0,0,0,0//AL_WARP		#ワープポータル#
8,28,10,0,0,0,0,0,0,0,0,0,0//AL_HEAL		#ヒール#
8,29,10,28,3,0,0,0,0,0,0,0,0//AL_INCAGI		#速度増加#
8,30,10,29,1,0,0,0,0,0,0,0,0//AL_DECAGI		#速度減少#
8,31,1,0,0,0,0,0,0,0,0,0,0//AL_HOLYWATER	#アクアベネディクタ#
8,32,10,23,3,0,0,0,0,0,0,0,0//AL_CRUCIS		#シグナムクルシス#
8,33,10,22,3,0,0,0,0,0,0,0,0//AL_ANGELUS	#エンジェラス#
8,34,10,22,5,0,0,0,0,0,0,0,0//AL_BLESSING	#ブレッシング#
8,35,1,28,2,0,0,0,0,0,0,0,0//AL_CURE		#キュアー#
8,156,1,0,0,0,0,0,0,0,0,0,0//AL_HOLYLIGHT	#ホーリーライト#
8,9,10,0,0,0,0,0,0,0,0,0,0//MG_SRECOVERY	#SP回復力向上#
8,12,10,68,4,70,3,0,0,0,0,0,0//MG_SAFETYWALL	#セイフティウォール#
8,54,4,72,1,9,4,0,0,0,0,0,0//ALL_RESURRECTION	#リザレクション#
8,65,10,0,0,0,0,0,0,0,0,0,0//PR_MACEMASTERY	#メイス修練#
8,66,5,0,0,0,0,0,0,0,0,0,0//PR_IMPOSITIO	#イムポシティオマヌス#
8,67,3,66,2,0,0,0,0,0,0,0,0//PR_SUFFRAGIUM	#サフラギウム#
8,68,5,31,1,66,3,0,0,0,0,0,0//PR_ASPERSIO	#アスペルシオ#
8,69,5,75,3,68,5,0,0,0,0,0,0//PR_BENEDICTIO	#聖体降福#
8,70,10,28,1,0,0,0,0,0,0,0,0//PR_SANCTUARY	#サンクチュアリ#
8,71,4,0,0,0,0,0,0,0,0,0,0//PR_SLOWPOISON	#スローポイズン#
8,72,1,0,0,0,0,0,0,0,0,0,0//PR_STRECOVERY	#リカバリー#
8,73,10,33,2,0,0,0,0,0,0,0,0//PR_KYRIE		#キリエエレイソン#
8,74,5,0,0,0,0,0,0,0,0,0,0//PR_MAGNIFICAT	#マグニフィカート#
8,75,5,73,4,74,3,0,0,0,0,0,0//PR_GLORIA		#グロリア#
8,76,10,24,1,0,0,0,0,0,0,0,0//PR_LEXDIVINA	#レックスディビーナ#
8,77,10,54,1,76,3,0,0,0,0,0,0//PR_TURNUNDEAD	#ターンアンデッド#
8,78,1,76,5,0,0,0,0,0,0,0,0//PR_LEXAETERNA	#レックスエーテルナ#
8,79,10,12,1,78,1,77,3,0,0,0,0//PR_MAGNUS	#マグヌスエクソシズム#
// Wizard
9,1,9,0,0,0,0,0,0,0,0,0,0//NV_BASIC		#基本スキル#
9,142,1,0,0,0,0,0,0,0,0,0,0//NV_FIRSTAID	#応急手当#
9,9,10,0,0,0,0,0,0,0,0,0,0//MG_SRECOVERY	#SP回復力向上#
9,10,1,0,0,0,0,0,0,0,0,0,0//MG_SIGHT		#サイト#
9,11,10,0,0,0,0,0,0,0,0,0,0//MG_NAPALMBEAT	#ナパームビート#
9,12,10,11,7,13,5,0,0,0,0,0,0//MG_SAFETYWALL	#セイフティウォール#
9,13,10,11,4,0,0,0,0,0,0,0,0//MG_SOULSTRIKE	#ソウルストライク#
9,14,10,0,0,0,0,0,0,0,0,0,0//MG_COLDBOLT	#コールドボルト#
9,15,10,14,5,0,0,0,0,0,0,0,0//MG_FROSTDIVER	#フロストダイバー#
9,16,10,0,0,0,0,0,0,0,0,0,0//MG_STONECURSE	#ストーンカース#
9,17,10,19,4,0,0,0,0,0,0,0,0//MG_FIREBALL	#ファイアーボール#
9,18,10,17,5,10,1,0,0,0,0,0,0//MG_FIREWALL	#ファイアーウォール#
9,19,10,0,0,0,0,0,0,0,0,0,0//MG_FIREBOLT	#ファイアーボルト#
9,20,10,0,0,0,0,0,0,0,0,0,0//MG_LIGHTNINGBOLT	#ライトニングボルト#
9,21,10,20,4,0,0,0,0,0,0,0,0//MG_THUNDERSTORM	#サンダーストーム#
9,157,1,0,0,0,0,0,0,0,0,0,0//MG_ENERGYCOAT	#エナジーコート#
9,80,10,18,1,0,0,0,0,0,0,0,0//WZ_FIREPILLAR	#ファイアーピラー#
9,81,10,20,1,10,1,0,0,0,0,0,0//WZ_SIGHTRASHER	#サイトラッシャー#
//9,82,10,0,0,0,0,0,0,0,0,0,0//WZ_FIREIVY	#ファイアアイビー#
9,83,10,81,2,0,0,0,0,0,0,0,0//WZ_METEOR		#メテオストーム#
9,84,10,11,1,20,1,0,0,0,0,0,0//WZ_JUPITEL	#ユピテルサンダー#
9,85,10,21,1,84,5,0,0,0,0,0,0//WZ_VERMILION	#ロードオブヴァーミリオン#
9,86,5,14,1,20,1,0,0,0,0,0,0//WZ_WATERBALL	#ウォーターボール#
9,87,10,16,1,15,1,0,0,0,0,0,0//WZ_ICEWALL	#アイスウォール#
9,88,10,87,1,0,0,0,0,0,0,0,0//WZ_FROSTNOVA	#フロストノヴァ#
9,89,10,15,1,84,3,0,0,0,0,0,0//WZ_STORMGUST	#ストームガスト#
9,90,5,16,1,0,0,0,0,0,0,0,0//WZ_EARTHSPIKE	#アーススパイク#
9,91,5,90,3,0,0,0,0,0,0,0,0//WZ_HEAVENDRIVE	#ヘヴンズドライブ#
9,92,5,91,1,0,0,0,0,0,0,0,0//WZ_QUAGMIRE	#クァグマイア#
9,93,1,0,0,0,0,0,0,0,0,0,0//WZ_ESTIMATION	#モンスター情報#
// Blacksmith
10,1,9,0,0,0,0,0,0,0,0,0,0//NV_BASIC		#基本スキル#
10,142,1,0,0,0,0,0,0,0,0,0,0//NV_FIRSTAID	#応急手当#
10,36,10,0,0,0,0,0,0,0,0,0,0//MC_INCCARRY	#所持限界量増加#
10,37,10,36,3,0,0,0,0,0,0,0,0//MC_DISCOUNT	#ディスカウント#
10,38,10,37,3,0,0,0,0,0,0,0,0//MC_OVERCHARGE	#オーバーチャージ#
10,39,10,36,5,0,0,0,0,0,0,0,0//MC_PUSHCART	#プッシュカート#
10,40,1,0,0,0,0,0,0,0,0,0,0//MC_IDENTIFY	#アイテム鑑定#
10,41,10,39,3,0,0,0,0,0,0,0,0//MC_VENDING	#露店開設#
10,42,10,0,0,0,0,0,0,0,0,0,0//MC_MAMMONITE	#メマーナイト#
10,153,1,0,0,0,0,0,0,0,0,0,0//MC_CARTREVOLUTION	#カートレボリューション#
10,154,1,0,0,0,0,0,0,0,0,0,0//MC_CHANGECART	#チェンジカート#
10,155,1,0,0,0,0,0,0,0,0,0,0//MC_LOUD		#ラウドボイス#
10,94,5,0,0,0,0,0,0,0,0,0,0//BS_IRON		#鉄製造#
10,95,5,94,1,0,0,0,0,0,0,0,0//BS_STEEL		#鋼鉄製造#
10,96,5,94,1,0,0,0,0,0,0,0,0//BS_ENCHANTEDSTONE	#属性石製造#
10,97,5,96,1,0,0,0,0,0,0,0,0//BS_ORIDEOCON	#オリデオコン研究#
10,98,3,0,0,0,0,0,0,0,0,0,0//BS_DAGGER		#短剣製作#
10,99,3,98,1,0,0,0,0,0,0,0,0//BS_SWORD		#剣製作#
10,100,3,99,1,0,0,0,0,0,0,0,0//BS_TWOHANDSWORD	#両手剣製作#
10,101,3,99,2,0,0,0,0,0,0,0,0//BS_AXE		#斧製作#
10,102,3,103,1,0,0,0,0,0,0,0,0//BS_MACE		#メイス製作#
10,103,3,98,1,0,0,0,0,0,0,0,0//BS_KNUCKLE	#ナックル製作#
10,104,3,98,2,0,0,0,0,0,0,0,0//BS_SPEAR		#槍製作#
10,105,1,0,0,0,0,0,0,0,0,0,0//BS_HILTBINDING	#ヒルトバイディング#
10,106,1,95,1,105,1,0,0,0,0,0,0//BS_FINDINGORE	#鉱石発見#
10,107,10,105,1,0,0,0,0,0,0,0,0//BS_WEAPONRESEARCH#武器研究#
10,108,1,107,1,0,0,0,0,0,0,0,0//BS_REPAIRWEAPON	#武器修理#
10,109,5,0,0,0,0,0,0,0,0,0,0//BS_SKINTEMPER	#スキンテンパリング#
10,110,5,0,0,0,0,0,0,0,0,0,0//BS_HAMMERFALL	#ハンマーフォール#
10,111,5,110,2,0,0,0,0,0,0,0,0//BS_ADRENALINE	#アドレナリンラッシュ#
10,112,5,107,2,111,2,0,0,0,0,0,0//BS_WEAPONPERFECT#ウエポンパーフェクション#
10,113,5,111,3,0,0,0,0,0,0,0,0//BS_OVERTHRUST	#オーバートラスト#
10,114,5,112,3,113,2,0,0,0,0,0,0//BS_MAXIMIZE	#マキシマイズパワー#
// Hunter
11,1,9,0,0,0,0,0,0,0,0,0,0//NV_BASIC		#基本スキル#
11,142,1,0,0,0,0,0,0,0,0,0,0//NV_FIRSTAID	#応急手当#
11,43,10,0,0,0,0,0,0,0,0,0,0//AC_OWL		#ふくろうの目#
11,44,10,43,3,0,0,0,0,0,0,0,0//AC_VULTURE	#ワシの目#
11,45,10,44,1,0,0,0,0,0,0,0,0//AC_CONCENTRATION	#集中力向上#
11,46,10,0,0,0,0,0,0,0,0,0,0//AC_DOUBLE		#ダブルストレイフィング#
11,47,10,46,5,0,0,0,0,0,0,0,0//AC_SHOWER	#アローシャワー#
11,147,1,0,0,0,0,0,0,0,0,0,0//AC_MAKINGARROW	#矢作成#
11,148,1,0,0,0,0,0,0,0,0,0,0//AC_CHARGEARROW	#チャージアロー#
11,115,5,0,0,0,0,0,0,0,0,0,0//HT_SKIDTRAP	#スキッドトラップ#
11,116,5,0,0,0,0,0,0,0,0,0,0//HT_LANDMINE	#ランドマイン#
11,117,5,115,1,0,0,0,0,0,0,0,0//HT_ANKLESNARE	#アンクルスネア#
11,118,5,117,1,0,0,0,0,0,0,0,0//HT_SHOCKWAVE	#ショックウェーブトラップ#
11,119,5,120,1,0,0,0,0,0,0,0,0//HT_SANDMAN	#サンドマン#
11,120,5,115,1,0,0,0,0,0,0,0,0//HT_FLASHER	#フラッシャー#
11,121,5,120,1,0,0,0,0,0,0,0,0//HT_FREEZINGTRAP	#フリージングトラップ#
11,122,5,116,1,119,1,121,1,0,0,0,0//HT_BLASTMINE#ブラストマイン#
11,123,5,118,1,122,1,0,0,0,0,0,0//HT_CLAYMORETRAP#クレイモアートラップ#
11,124,1,116,1,0,0,0,0,0,0,0,0//HT_REMOVETRAP	#リムーブトラップ#
11,125,1,118,1,124,1,0,0,0,0,0,0//HT_TALKIEBOX	#トーキーボックス#
11,126,10,0,0,0,0,0,0,0,0,0,0//HT_BEASTBANE	#ビーストベイン#
11,127,1,126,1,0,0,0,0,0,0,0,0//HT_FALCON	#ファルコンマスタリー#
11,128,10,129,5,0,0,0,0,0,0,0,0//HT_STEELCROW	#スチールクロウ#
11,129,5,127,1,0,0,0,0,0,0,0,0//HT_BLITZBEAT	#ブリッツビート#
11,130,4,45,1,127,1,0,0,0,0,0,0//HT_DETECTING	#ディテクティング#
11,131,5,124,1,127,1,0,0,0,0,0,0//HT_SPRINGTRAP	#スプリングトラップ#
// Assassin
12,1,9,0,0,0,0,0,0,0,0,0,0//NV_BASIC		#基本スキル#
12,142,1,0,0,0,0,0,0,0,0,0,0//NV_FIRSTAID	#応急手当#
12,48,10,0,0,0,0,0,0,0,0,0,0//TF_DOUBLE		#ダブルアタック#
12,49,10,0,0,0,0,0,0,0,0,0,0//TF_MISS		#回避率増加#
12,50,10,0,0,0,0,0,0,0,0,0,0//TF_STEAL		#スティール#
12,51,10,50,5,0,0,0,0,0,0,0,0//TF_HIDING	#ハイディング#
12,52,10,0,0,0,0,0,0,0,0,0,0//TF_POISON		#インベナム#
12,53,1,52,3,0,0,0,0,0,0,0,0//TF_DETOXIFY	#解毒#
12,149,1,0,0,0,0,0,0,0,0,0,0//TF_SPRINKLESAND	#砂まき#
12,150,1,0,0,0,0,0,0,0,0,0,0//TF_BACKSLIDING	#バックステップ#
12,151,1,0,0,0,0,0,0,0,0,0,0//TF_PICKSTONE	#石拾い#
12,152,1,0,0,0,0,0,0,0,0,0,0//TF_THROWSTONE	#石投げ#
12,132,5,0,0,0,0,0,0,0,0,0,0//AS_RIGHT		#右手修練#
12,133,5,132,2,0,0,0,0,0,0,0,0//AS_LEFT		#左手修練#
12,134,10,0,0,0,0,0,0,0,0,0,0//AS_KATAR		#カタール修練#
12,135,10,51,2,0,0,0,0,0,0,0,0//AS_CLOAKING	#クローキング#
12,136,10,134,4,0,0,0,0,0,0,0,0//AS_SONICBLOW	#ソニックブロー#
12,137,5,135,2,136,5,0,0,0,0,0,0//AS_GRIMTOOTH	#グリムトゥース#
12,138,10,52,1,0,0,0,0,0,0,0,0//AS_ENCHANTPOISON#エンチャントポイズン#
12,139,10,138,3,0,0,0,0,0,0,0,0//AS_POISONREACT	#ポイズンリアクト#
12,140,10,138,5,0,0,0,0,0,0,0,0//AS_VENOMDUST	#ベナムダスト#
12,141,10,139,5,140,5,0,0,0,0,0,0//AS_SPLASHER	#ベナムスプラッシャー#
//Peco Knight
// Knight
13,1,9,0,0,0,0,0,0,0,0,0,0//NV_BASIC		#基本スキル#
13,142,1,0,0,0,0,0,0,0,0,0,0//NV_FIRSTAID	#応急手当#
13,2,10,0,0,0,0,0,0,0,0,0,0//SM_SWORD		#剣修練#
13,3,10,2,1,0,0,0,0,0,0,0,0//SM_TWOHAND		#両手剣修練#
13,4,10,0,0,0,0,0,0,0,0,0,0//SM_RECOVERY		#HP回復力向上#
13,5,10,0,0,0,0,0,0,0,0,0,0//SM_BASH		#バッシュ#
13,6,10,0,0,0,0,0,0,0,0,0,0//SM_PROVOKE		#プロボック#
13,7,10,5,5,0,0,0,0,0,0,0,0//SM_MAGNUM		#マグナムブレイク#
13,8,10,6,5,0,0,0,0,0,0,0,0//SM_ENDURE		#インデュア#
13,144,1,0,0,0,0,0,0,0,0,0,0//SM_MOVINGRECOVERY	#移動時HP回復#
13,145,1,0,0,0,0,0,0,0,0,0,0//SM_FATALBLOW	#急所攻撃#
13,146,1,0,0,0,0,0,0,0,0,0,0//SM_AUTOBERSERK	#オートバーサーク#
13,55,10,0,0,0,0,0,0,0,0,0,0//KN_SPEARMASTERY	#槍修練#
13,56,10,55,1,0,0,0,0,0,0,0,0//KN_PIERCE		#ピアース#
13,57,10,63,1,58,3,0,0,0,0,0,0//KN_BRANDISHSPEAR	#ブランディッシュスピア#
13,58,10,56,5,0,0,0,0,0,0,0,0//KN_SPEARSTAB	#スピアスタブ#
13,59,5,56,3,0,0,0,0,0,0,0,0//KN_SPEARBOOMERANG	#スピアブーメラン#
13,60,10,3,1,0,0,0,0,0,0,0,0//KN_TWOHANDQUICKEN	#ツーハンドクイッケン#
13,61,5,3,1,0,0,0,0,0,0,0,0//KN_AUTOCOUNTER	#オートカウンター#
13,62,10,5,10,7,3,3,5,60,10,61,5//KN_BOWLINGBASH	#ボウリングバッシュ#
13,63,1,8,1,0,0,0,0,0,0,0,0//KN_RIDING		#ライディング#
13,64,5,63,1,0,0,0,0,0,0,0,0//KN_CAVALIERMASTERY#騎兵修練#
// Crusader
14,1,9,0,0,0,0,0,0,0,0,0,0//NV_BASIC		#基本スキル#
14,142,1,0,0,0,0,0,0,0,0,0,0//NV_FIRSTAID	#応急手当#
14,2,10,0,0,0,0,0,0,0,0,0,0//SM_SWORD		#剣修練#
14,3,10,2,1,0,0,0,0,0,0,0,0//SM_TWOHAND		#両手剣修練#
14,4,10,0,0,0,0,0,0,0,0,0,0//SM_RECOVERY	#HP回復力向上#
14,5,10,0,0,0,0,0,0,0,0,0,0//SM_BASH		#バッシュ#
14,6,10,0,0,0,0,0,0,0,0,0,0//SM_PROVOKE		#プロボック#
14,7,10,5,5,0,0,0,0,0,0,0,0//SM_MAGNUM		#マグナムブレイク#
14,8,10,6,5,0,0,0,0,0,0,0,0//SM_ENDURE		#インデュア#
14,144,1,0,0,0,0,0,0,0,0,0,0//SM_MOVINGRECOVERY	#移動時HP回復#
14,145,1,0,0,0,0,0,0,0,0,0,0//SM_FATALBLOW	#急所攻撃#
14,146,1,0,0,0,0,0,0,0,0,0,0//SM_AUTOBERSERK	#オートバーサーク#
14,63,1,8,1,0,0,0,0,0,0,0,0//KN_RIDING		#ライディング#
14,64,5,63,1,0,0,0,0,0,0,0,0//KN_CAVALIERMASTERY#騎兵修練#
14,55,10,0,0,0,0,0,0,0,0,0,0//KN_SPEARMASTERY	#槍修練#
14,35,1,248,5,0,0,0,0,0,0,0,0//AL_CURE		#キュアー#
14,22,10,35,1,0,0,0,0,0,0,0,0//AL_DP		#ディバインプロテクション#
14,23,10,22,3,0,0,0,0,0,0,0,0//AL_DEMONBANE	#デーモンベイン#
14,28,10,23,5,248,10,0,0,0,0,0,0//AL_HEAL		#ヒール#
14,248,10,0,0,0,0,0,0,0,0,0,0//CR_TRUST			#フェイス#
14,249,10,0,0,0,0,0,0,0,0,0,0//CR_AUTOGUARD		#オートガード#
14,250,5,249,5,0,0,0,0,0,0,0,0//CR_SHIELDCHARGE		#シールドチャージ#
14,251,5,250,3,0,0,0,0,0,0,0,0//CR_SHIELDBOOMERANG	#シールドブーメラン#
14,252,10,251,3,0,0,0,0,0,0,0,0//CR_REFLECTSHIELD	#リフレクトシールド#
14,253,10,248,7,0,0,0,0,0,0,0,0//CR_HOLYCROSS		#ホーリークロス#
14,254,10,253,6,248,10,0,0,0,0,0,0//CR_GRANDCROSS	#グランドクロス#
14,255,5,252,5,254,4,0,0,0,0,0,0//CR_DEVOTION		#ディボーション#
14,256,5,22,5,28,5,0,0,0,0,0,0//CR_PROVIDENCE		#プロヴィデンス#
14,257,5,251,1,0,0,0,0,0,0,0,0//CR_DEFENDER		#ディフェンダー#
14,258,10,55,10,0,0,0,0,0,0,0,0//CR_SPEARQUICKEN	#スピアクイッケン#
// Monk
15,1,9,0,0,0,0,0,0,0,0,0,0//NV_BASIC		#基本スキル#
15,142,1,0,0,0,0,0,0,0,0,0,0//NV_FIRSTAID	#応急手当#
15,22,10,0,0,0,0,0,0,0,0,0,0//AL_DP		#ディバインプロテクション#
15,23,10,22,3,0,0,0,0,0,0,0,0//AL_DEMONBANE	#デーモンベイン#
15,24,1,0,0,0,0,0,0,0,0,0,0//AL_RUWACH		#ルアフ#
15,25,1,27,4,0,0,0,0,0,0,0,0//AL_PNEUMA		#ニューマ#
15,26,2,24,1,0,0,0,0,0,0,0,0//AL_TELEPORT	#テレポート#
15,27,4,26,2,0,0,0,0,0,0,0,0//AL_WARP		#ワープポータル#
15,28,10,0,0,0,0,0,0,0,0,0,0//AL_HEAL		#ヒール#
15,29,10,28,3,0,0,0,0,0,0,0,0//AL_INCAGI	#速度増加#
15,30,10,29,1,0,0,0,0,0,0,0,0//AL_DECAGI	#速度減少#
15,31,1,0,0,0,0,0,0,0,0,0,0//AL_HOLYWATER	#アクアベネディクタ#
15,32,10,23,3,0,0,0,0,0,0,0,0//AL_CRUCIS	#シグナムクルシス#
15,33,10,22,3,0,0,0,0,0,0,0,0//AL_ANGELUS	#エンジェラス#
15,34,10,22,5,0,0,0,0,0,0,0,0//AL_BLESSING	#ブレッシング#
15,35,1,28,2,0,0,0,0,0,0,0,0//AL_CURE		#キュアー#
15,156,1,0,0,0,0,0,0,0,0,0,0//AL_HOLYLIGHT	#ホーリーライト#
15,259,10,23,10,22,10,0,0,0,0,0,0//MO_IRONHAND		#鉄拳#
15,260,5,269,2,0,0,0,0,0,0,0,0//MO_SPIRITSRECOVERY	#息吹#
15,261,5,259,2,0,0,0,0,0,0,0,0//MO_CALLSPIRITS		#気功#
15,262,1,261,5,0,0,0,0,0,0,0,0//MO_ABSORBSPIRITS	#気奪#
15,263,10,265,5,0,0,0,0,0,0,0,0//MO_TRIPLEATTACK	#三段掌#
15,264,1,271,3,260,2,268,3,0,0,0,0//MO_BODYRELOCATION	#残影#
15,265,10,259,5,261,5,0,0,0,0,0,0//MO_DODGE		#見切り#
15,266,5,261,5,0,0,0,0,0,0,0,0//MO_INVESTIGATE		#発勁#
15,267,5,266,3,0,0,0,0,0,0,0,0//MO_FINGEROFFENSIVE	#指弾#
15,268,5,273,3,0,0,0,0,0,0,0,0//MO_STEELBODY		#金剛#
15,269,5,265,5,0,0,0,0,0,0,0,0//MO_BLADESTOP		#白刃取り#
15,270,5,262,1,0,0,0,0,0,0,0,0//MO_EXPLOSIONSPIRITS	#爆裂波動#
15,271,5,270,3,267,3,0,0,0,0,0,0//MO_EXTREMITYFIST	#阿修羅覇鳳拳#
15,272,5,263,5,0,0,0,0,0,0,0,0//MO_CHAINCOMBO		#連打掌#
15,273,5,272,3,0,0,0,0,0,0,0,0//MO_COMBOFINISH		#猛竜拳#
// Sage
16,1,9,0,0,0,0,0,0,0,0,0,0//NV_BASIC		#基本スキル#
16,142,1,0,0,0,0,0,0,0,0,0,0//NV_FIRSTAID	#応急手当#
16,9,10,0,0,0,0,0,0,0,0,0,0//MG_SRECOVERY	#SP回復力向上#
16,10,1,0,0,0,0,0,0,0,0,0,0//MG_SIGHT		#サイト#
16,11,10,0,0,0,0,0,0,0,0,0,0//MG_NAPALMBEAT	#ナパームビート#
16,12,10,11,7,13,5,0,0,0,0,0,0//MG_SAFETYWALL	#セイフティウォール#
16,13,10,11,4,0,0,0,0,0,0,0,0//MG_SOULSTRIKE	#ソウルストライク#
16,14,10,0,0,0,0,0,0,0,0,0,0//MG_COLDBOLT	#コールドボルト#
16,15,10,14,5,0,0,0,0,0,0,0,0//MG_FROSTDIVER	#フロストダイバー#
16,16,10,0,0,0,0,0,0,0,0,0,0//MG_STONECURSE	#ストーンカース#
16,17,10,19,4,0,0,0,0,0,0,0,0//MG_FIREBALL	#ファイアーボール#
16,18,10,17,5,10,1,0,0,0,0,0,0//MG_FIREWALL	#ファイアーウォール#
16,19,10,0,0,0,0,0,0,0,0,0,0//MG_FIREBOLT	#ファイアーボルト#
16,20,10,0,0,0,0,0,0,0,0,0,0//MG_LIGHTNINGBOLT	#ライトニングボルト#
16,21,10,20,4,0,0,0,0,0,0,0,0//MG_THUNDERSTORM	#サンダーストーム#
16,157,1,0,0,0,0,0,0,0,0,0,0//MG_ENERGYCOAT	#エナジーコート#
16,93,1,0,0,0,0,0,0,0,0,0,0//WZ_ESTIMATION	#モンスター情報#
16,90,5,283,1,0,0,0,0,0,0,0,0//WZ_EARTHSPIKE	#アーススパイク#
16,91,5,90,1,0,0,0,0,0,0,0,0//WZ_HEAVENDRIVE	#ヘヴンズドライブ#
16,274,10,0,0,0,0,0,0,0,0,0,0//SA_ADVANCEDBOOK		#アドバンスドブック#
16,275,5,274,2,0,0,0,0,0,0,0,0//SA_CASTCANCEL		#キャストキャンセル#
16,276,5,274,4,0,0,0,0,0,0,0,0//SA_MAGICROD		#マジックロッド#
16,277,5,276,1,0,0,0,0,0,0,0,0//SA_SPELLBREAKER		#スペルブレーカー#
16,278,10,275,1,0,0,0,0,0,0,0,0//SA_FREECAST		#フリーキャスト#
16,279,10,278,4,0,0,0,0,0,0,0,0//SA_AUTOSPELL		#オートスペル#
16,280,5,19,1,274,5,0,0,0,0,0,0//SA_FLAMELAUNCHER	#フレイムランチャー#
16,281,5,14,1,274,5,0,0,0,0,0,0//SA_FROSTWEAPON		#フロストウェポン#
16,282,5,20,1,274,5,0,0,0,0,0,0//SA_LIGHTNINGLOADER	#ライトニングローダー#
16,283,5,16,1,274,5,0,0,0,0,0,0//SA_SEISMICWEAPON	#サイズミックウェポン#
16,284,5,274,9,0,0,0,0,0,0,0,0//SA_DRAGONOLOGY		#ドラゴノロジー#
16,285,5,280,2,0,0,0,0,0,0,0,0//SA_VOLCANO		#ボルケーノ#
16,286,5,281,2,0,0,0,0,0,0,0,0//SA_DELUGE		#デリュージ#
16,287,5,282,2,0,0,0,0,0,0,0,0//SA_VIOLENTGALE		#バイオレントゲイル#
16,288,5,285,3,286,3,287,3,0,0,0,0//SA_LANDPROTECTOR	#ランドプロテクター#
16,289,5,277,3,0,0,0,0,0,0,0,0//SA_DISPELL		#ディスペル#
16,290,10,279,5,289,1,288,1,0,0,0,0//SA_ABRACADABRA	#アブラカタブラ#
// Rogue
17,1,9,0,0,0,0,0,0,0,0,0,0//NV_BASIC		#基本スキル#
17,142,1,0,0,0,0,0,0,0,0,0,0//NV_FIRSTAID	#応急手当#
17,48,10,0,0,0,0,0,0,0,0,0,0//TF_DOUBLE		#ダブルアタック#
17,49,10,0,0,0,0,0,0,0,0,0,0//TF_MISS		#回避率増加#
17,50,10,0,0,0,0,0,0,0,0,0,0//TF_STEAL		#スティール#
17,51,10,50,5,0,0,0,0,0,0,0,0//TF_HIDING	#ハイディング#
17,52,10,0,0,0,0,0,0,0,0,0,0//TF_POISON		#インベナム#
17,53,1,52,3,0,0,0,0,0,0,0,0//TF_DETOXIFY	#解毒#
17,149,1,0,0,0,0,0,0,0,0,0,0//TF_SPRINKLESAND	#砂まき#
17,150,1,0,0,0,0,0,0,0,0,0,0//TF_BACKSLIDING	#バックステップ#
17,151,1,0,0,0,0,0,0,0,0,0,0//TF_PICKSTONE	#石拾い#
17,152,1,0,0,0,0,0,0,0,0,0,0//TF_THROWSTONE	#石投げ#
17,2,10,0,0,0,0,0,0,0,0,0,0//SM_SWORD		#剣修練#
17,44,10,0,0,0,0,0,0,0,0,0,0//AC_VULTURE	#ワシの目#
17,46,10,44,10,0,0,0,0,0,0,0,0//AC_DOUBLE	#ダブルストレイフィング#
17,124,1,46,5,0,0,0,0,0,0,0,0//HT_REMOVETRAP	#リムーブトラップ#
17,210,10,50,1,0,0,0,0,0,0,0,0//RG_SNATCHER	#スナッチャー#
17,211,10,210,4,0,0,0,0,0,0,0,0//RG_STEALCOIN	#スティールコイン#
17,212,10,211,4,0,0,0,0,0,0,0,0//RG_BACKSTAP	#バックスタブ#
17,213,5,51,1,0,0,0,0,0,0,0,0//RG_TUNNELDRIVE	#トンネルドライブ#
17,214,5,212,2,213,2,0,0,0,0,0,0//RG_RAID	#サプライズアタック#
17,215,5,217,5,0,0,0,0,0,0,0,0//RG_STRIPWEAPON	#ストリップウエポン#
17,216,5,218,5,0,0,0,0,0,0,0,0//RG_STRIPSHIELD	#ストリップシールド#
17,217,5,216,5,0,0,0,0,0,0,0,0//RG_STRIPARMOR	#ストリップアーマー#
17,218,5,211,2,0,0,0,0,0,0,0,0//RG_STRIPHELM	#ストリップヘルム#
17,219,5,212,4,214,5,0,0,0,0,0,0//RG_INTIMIDATE#インティミデイト#
17,220,1,221,5,0,0,0,0,0,0,0,0//RG_GRAFFITI	#グラフィティ#
17,221,5,222,1,0,0,0,0,0,0,0,0//RG_FLAGGRAFFITI	#フラッググラフィティ#
17,222,1,223,1,0,0,0,0,0,0,0,0//RG_CLEANER	#クリーナー#
17,223,1,216,3,0,0,0,0,0,0,0,0//RG_GANGSTER	#ギャングスターパラダイス#
17,224,5,223,1,0,0,0,0,0,0,0,0//RG_COMPULSION	#コムパルションディスカウント#
17,225,10,219,5,0,0,0,0,0,0,0,0//RG_PLAGIARISM	#クローンスキル#
// Alchemist
18,1,9,0,0,0,0,0,0,0,0,0,0//NV_BASIC		#基本スキル#
18,142,1,0,0,0,0,0,0,0,0,0,0//NV_FIRSTAID	#応急手当#
18,36,10,0,0,0,0,0,0,0,0,0,0//MC_INCCARRY	#所持限界量増加#
18,37,10,36,3,0,0,0,0,0,0,0,0//MC_DISCOUNT	#ディスカウント#
18,38,10,37,3,0,0,0,0,0,0,0,0//MC_OVERCHARGE	#オーバーチャージ#
18,39,10,36,5,0,0,0,0,0,0,0,0//MC_PUSHCART	#プッシュカート#
18,40,1,0,0,0,0,0,0,0,0,0,0//MC_IDENTIFY	#アイテム鑑定#
18,41,10,39,3,0,0,0,0,0,0,0,0//MC_VENDING	#露店開設#
18,42,10,0,0,0,0,0,0,0,0,0,0//MC_MAMMONITE	#メマーナイト#
18,153,1,0,0,0,0,0,0,0,0,0,0//MC_CARTREVOLUTION	#カートレボリューション#
18,154,1,0,0,0,0,0,0,0,0,0,0//MC_CHANGECART	#チェンジカート#
18,155,1,0,0,0,0,0,0,0,0,0,0//MC_LOUD		#ラウドボイス#
18,2,10,0,0,0,0,0,0,0,0,0,0//SM_SWORD		#剣修練#
18,226,10,0,0,0,0,0,0,0,0,0,0//AM_AXEMASTERY	#斧修練#
18,227,10,0,0,0,0,0,0,0,0,0,0//AM_LERNINGPOTION	#ラーニングポーション#
18,228,10,227,5,0,0,0,0,0,0,0,0//AM_PHARMACY	#ファーマシー#
18,229,5,228,4,0,0,0,0,0,0,0,0//AM_DEMONSTRATION#デモンストレーション#
18,230,5,228,5,0,0,0,0,0,0,0,0//AM_ACIDTERROR	#アシッドテラー#
18,231,5,228,3,0,0,0,0,0,0,0,0//AM_POTIONPITCHER#ポーションピッチャー#
18,232,5,228,6,0,0,0,0,0,0,0,0//AM_CANNIBALIZE	#バイオプラント#
18,233,5,228,2,0,0,0,0,0,0,0,0//AM_SPHEREMINE	#スフィアーマイン#
18,234,5,236,3,0,0,0,0,0,0,0,0//AM_CP_WEAPON	#ケミカルウェポンチャージ#
18,235,5,237,3,0,0,0,0,0,0,0,0//AM_CP_SHIELD	#ケミカルシールドチャージ#
18,236,5,235,3,0,0,0,0,0,0,0,0//AM_CP_ARMOR	#ケミカルアーマーチャージ#
18,237,5,228,2,0,0,0,0,0,0,0,0//AM_CP_HELM	#ケミカルヘルムチャージ#
// 韓国でも未実装なので以下のツリーコメントアウト
//18,238,1,0,0,0,0,0,0,0,0,0,0//AM_BIOETHICS		#生命倫理#
//18,239,10,238,1,0,0,0,0,0,0,0,0//AM_BIOTECHNOLOGY	#生命工学研究#
//18,240,5,239,7,0,0,0,0,0,0,0,0//AM_CREATECREATURE	#被造物創造#
//18,241,5,242,3,240,3,0,0,0,0,0,0//AM_CULTIVATION	#カルトベイション#
//18,242,5,239,3,0,0,0,0,0,0,0,0//AM_FLAMECONTROL	#フレームコントロール#
//18,243,1,244,1,0,0,0,0,0,0,0,0//AM_CALLHOMUN		#コールホムンクルス#
//18,244,1,239,5,0,0,0,0,0,0,0,0//AM_REST		#安息#
//18,245,10,246,3,0,0,0,0,0,0,0,0//AM_DRILLMASTER	#ドリルマスター#
//18,246,10,241,5,0,0,0,0,0,0,0,0//AM_HEALHOMUN		#ヒールホムンクルス#
//18,247,10,246,5,0,0,0,0,0,0,0,0//AM_RESURRECTHOMUN	#リザレクションホムンクルス#
// Bard
19,1,9,0,0,0,0,0,0,0,0,0,0//NV_BASIC		#基本スキル#
19,142,1,0,0,0,0,0,0,0,0,0,0//NV_FIRSTAID	#応急手当#
19,43,10,0,0,0,0,0,0,0,0,0,0//AC_OWL		#ふくろうの目#
19,44,10,43,3,0,0,0,0,0,0,0,0//AC_VULTURE	#ワシの目#
19,45,10,44,1,0,0,0,0,0,0,0,0//AC_CONCENTRATION	#集中力向上#
19,46,10,0,0,0,0,0,0,0,0,0,0//AC_DOUBLE		#ダブルストレイフィング#
19,47,10,46,5,0,0,0,0,0,0,0,0//AC_SHOWER	#アローシャワー#
19,147,1,0,0,0,0,0,0,0,0,0,0//AC_MAKINGARROW	#矢作成#
19,148,1,0,0,0,0,0,0,0,0,0,0//AC_CHARGEARROW	#チャージアロー#
19,315,10,0,0,0,0,0,0,0,0,0,0//BA_MUSICALLESSON		#楽器の練習#
19,316,5,315,3,0,0,0,0,0,0,0,0//BA_MUSICALSTRIKE	#ミュージカルストライク#
19,317,5,315,1,304,1,0,0,0,0,0,0//BA_DISSONANCE		#不協和音#
19,318,5,305,1,0,0,0,0,0,0,0,0//BA_FROSTJOKE		#寒いジョーク#
19,319,10,317,3,0,0,0,0,0,0,0,0//BA_WHISTLE		#口笛#
19,320,10,317,3,0,0,0,0,0,0,0,0//BA_ASSASSINCROSS	#夕陽のアサシンクロス#
19,321,10,317,3,0,0,0,0,0,0,0,0//BA_POEMBRAGI		#ブラギの詩#
19,322,10,317,3,0,0,0,0,0,0,0,0//BA_APPLEIDUN		#イドゥンの林檎#
19,304,1,0,0,0,0,0,0,0,0,0,0//BD_ADAPTATION		#アドリブ
19,305,1,304,1,0,0,0,0,0,0,0,0//BD_ENCORE		#アンコール#
19,306,1,319,10,0,0,0,0,0,0,0,0//BD_LULLABY		#子守歌#
19,307,5,313,3,0,0,0,0,0,0,0,0//BD_RICHMANKIM		#ニヨルドの宴#
19,308,1,311,1,0,0,0,0,0,0,0,0//BD_ETERNALCHAOS		#永遠の混沌#
19,309,5,322,10,0,0,0,0,0,0,0,0//BD_DRUMBATTLEFIELD	#戦太鼓の響き#
19,310,5,309,3,0,0,0,0,0,0,0,0//BD_RINGNIBELUNGEN	#ニーベルングの指輸#
19,311,1,320,10,0,0,0,0,0,0,0,0//BD_ROKISWEIL		#ロキの叫び#
19,312,1,306,1,0,0,0,0,0,0,0,0//BD_INTOABYSS		#深淵の中に#
19,313,5,321,10,0,0,0,0,0,0,0,0//BD_SIEGFRIED		#不死身のジークフリード#
19,314,1,312,1,308,1,0,0,0,0,0,0//BD_RAGNAROK		#ラグナロク#
// Dancer
20,1,9,0,0,0,0,0,0,0,0,0,0//NV_BASIC		#基本スキル#
20,142,1,0,0,0,0,0,0,0,0,0,0//NV_FIRSTAID	#応急手当#
20,43,10,0,0,0,0,0,0,0,0,0,0//AC_OWL		#ふくろうの目#
20,44,10,43,3,0,0,0,0,0,0,0,0//AC_VULTURE	#ワシの目#
20,45,10,44,1,0,0,0,0,0,0,0,0//AC_CONCENTRATION	#集中力向上#
20,46,10,0,0,0,0,0,0,0,0,0,0//AC_DOUBLE		#ダブルストレイフィング#
20,47,10,46,5,0,0,0,0,0,0,0,0//AC_SHOWER	#アローシャワー#
20,147,1,0,0,0,0,0,0,0,0,0,0//AC_MAKINGARROW	#矢作成#
20,148,1,0,0,0,0,0,0,0,0,0,0//AC_CHARGEARROW	#チャージアロー#
20,323,10,0,0,0,0,0,0,0,0,0,0//DC_DANCINGLESSON		#ダンスの練習#
20,324,5,323,3,0,0,0,0,0,0,0,0//DC_THROWARROW		#矢撃ち#
20,325,5,323,1,304,1,0,0,0,0,0,0//DC_UGLYDANCE		#自分勝手なダンス#
20,326,5,305,1,0,0,0,0,0,0,0,0//DC_SCREAM		#スクリーム#
20,327,10,325,3,0,0,0,0,0,0,0,0//DC_HUMMING		#ハミング#
20,328,10,325,3,0,0,0,0,0,0,0,0//DC_DONTFORGETME	#私を忘れないで…#
20,329,10,325,3,0,0,0,0,0,0,0,0//DC_FORTUNEKISS		#幸運のキス#
20,330,10,325,3,0,0,0,0,0,0,0,0//DC_SERVICEFORYOU	#サービスフォーユー#
20,304,1,0,0,0,0,0,0,0,0,0,0//BD_ADAPTATION		#アドリブ
20,305,1,304,1,0,0,0,0,0,0,0,0//BD_ENCORE		#アンコール#
20,306,1,327,10,0,0,0,0,0,0,0,0//BD_LULLABY		#子守歌#
20,307,5,313,3,0,0,0,0,0,0,0,0//BD_RICHMANKIM		#ニヨルドの宴#
20,308,1,311,1,0,0,0,0,0,0,0,0//BD_ETERNALCHAOS		#永遠の混沌#
20,309,5,330,10,0,0,0,0,0,0,0,0//BD_DRUMBATTLEFIELD	#戦太鼓の響き#
20,310,5,309,3,0,0,0,0,0,0,0,0//BD_RINGNIBELUNGEN	#ニーベルングの指輸#
20,311,1,328,10,0,0,0,0,0,0,0,0//BD_ROKISWEIL		#ロキの叫び#
20,312,1,306,1,0,0,0,0,0,0,0,0//BD_INTOABYSS		#深淵の中に#
20,313,5,329,10,0,0,0,0,0,0,0,0//BD_SIEGFRIED		#不死身のジークフリード#
20,314,1,312,1,308,1,0,0,0,0,0,0//BD_RAGNAROK		#ラグナロク#
// Peco Crusader
21,1,9,0,0,0,0,0,0,0,0,0,0//NV_BASIC		#基本スキル#
21,142,1,0,0,0,0,0,0,0,0,0,0//NV_FIRSTAID	#応急手当#
21,2,10,0,0,0,0,0,0,0,0,0,0//SM_SWORD		#剣修練#
21,3,10,2,1,0,0,0,0,0,0,0,0//SM_TWOHAND		#両手剣修練#
21,4,10,0,0,0,0,0,0,0,0,0,0//SM_RECOVERY	#HP回復力向上#
21,5,10,0,0,0,0,0,0,0,0,0,0//SM_BASH		#バッシュ#
21,6,10,0,0,0,0,0,0,0,0,0,0//SM_PROVOKE		#プロボック#
21,7,10,5,5,0,0,0,0,0,0,0,0//SM_MAGNUM		#マグナムブレイク#
21,8,10,6,5,0,0,0,0,0,0,0,0//SM_ENDURE		#インデュア#
21,144,1,0,0,0,0,0,0,0,0,0,0//SM_MOVINGRECOVERY	#移動時HP回復#
21,145,1,0,0,0,0,0,0,0,0,0,0//SM_FATALBLOW	#急所攻撃#
21,146,1,0,0,0,0,0,0,0,0,0,0//SM_AUTOBERSERK	#オートバーサーク#
21,63,1,8,1,0,0,0,0,0,0,0,0//KN_RIDING		#ライディング#
21,64,5,63,1,0,0,0,0,0,0,0,0//KN_CAVALIERMASTERY#騎兵修練#
21,55,10,0,0,0,0,0,0,0,0,0,0//KN_SPEARMASTERY	#槍修練#
21,35,1,248,5,0,0,0,0,0,0,0,0//AL_CURE		#キュアー#
21,22,10,35,1,0,0,0,0,0,0,0,0//AL_DP		#ディバインプロテクション#
21,23,10,22,3,0,0,0,0,0,0,0,0//AL_DEMONBANE	#デーモンベイン#
21,28,10,23,5,248,10,0,0,0,0,0,0//AL_HEAL		#ヒール#
21,248,10,0,0,0,0,0,0,0,0,0,0//CR_TRUST			#フェイス#
21,249,10,0,0,0,0,0,0,0,0,0,0//CR_AUTOGUARD		#オートガード#
21,250,5,249,5,0,0,0,0,0,0,0,0//CR_SHIELDCHARGE		#シールドチャージ#
21,251,5,250,3,0,0,0,0,0,0,0,0//CR_SHIELDBOOMERANG	#シールドブーメラン#
21,252,10,251,3,0,0,0,0,0,0,0,0//CR_REFLECTSHIELD	#リフレクトシールド#
21,253,10,248,7,0,0,0,0,0,0,0,0//CR_HOLYCROSS		#ホーリークロス#
21,254,10,253,6,248,10,0,0,0,0,0,0//CR_GRANDCROSS	#グランドクロス#
21,255,5,252,5,254,4,0,0,0,0,0,0//CR_DEVOTION		#ディボーション#
21,256,5,22,5,28,5,0,0,0,0,0,0//CR_PROVIDENCE		#プロヴィデンス#
21,257,5,251,1,0,0,0,0,0,0,0,0//CR_DEFENDER		#ディフェンダー#
21,258,10,55,10,0,0,0,0,0,0,0,0//CR_SPEARQUICKEN	#スピアクイッケン#
// Super Novice
23,1,9,0,0,0,0,0,0,0,0,0,0//NV_BASIC		#基本スキル#
23,142,1,0,0,0,0,0,0,0,0,0,0//NV_FIRSTAID	#応急手当#
23,2,10,0,0,0,0,0,0,0,0,0,0//SM_SWORD		#剣修練#
23,4,10,0,0,0,0,0,0,0,0,0,0//SM_RECOVERY	#HP回復力向上#
23,5,10,0,0,0,0,0,0,0,0,0,0//SM_BASH		#バッシュ#
23,6,10,0,0,0,0,0,0,0,0,0,0//SM_PROVOKE		#プロボック#
23,7,10,5,5,0,0,0,0,0,0,0,0//SM_MAGNUM		#マグナムブレイク#
23,8,10,6,5,0,0,0,0,0,0,0,0//SM_ENDURE		#インデュア#
23,9,10,0,0,0,0,0,0,0,0,0,0//MG_SRECOVERY	#SP回復力向上#
23,10,1,0,0,0,0,0,0,0,0,0,0//MG_SIGHT		#サイト#
23,11,10,0,0,0,0,0,0,0,0,0,0//MG_NAPALMBEAT	#ナパームビート#
23,12,10,11,7,13,5,0,0,0,0,0,0//MG_SAFETYWALL	#セイフティウォール#
23,13,10,11,4,0,0,0,0,0,0,0,0//MG_SOULSTRIKE	#ソウルストライク#
23,14,10,0,0,0,0,0,0,0,0,0,0//MG_COLDBOLT	#コールドボルト#
23,15,10,14,5,0,0,0,0,0,0,0,0//MG_FROSTDIVER	#フロストダイバー#
23,16,10,0,0,0,0,0,0,0,0,0,0//MG_STONECURSE	#ストーンカース#
23,17,10,19,4,0,0,0,0,0,0,0,0//MG_FIREBALL	#ファイアーボール#
23,18,10,17,5,10,1,0,0,0,0,0,0//MG_FIREWALL	#ファイアーウォール#
23,19,10,0,0,0,0,0,0,0,0,0,0//MG_FIREBOLT	#ファイアーボルト#
23,20,10,0,0,0,0,0,0,0,0,0,0//MG_LIGHTNINGBOLT	#ライトニングボルト#
23,21,10,20,4,0,0,0,0,0,0,0,0//MG_THUNDERSTORM	#サンダーストーム#
23,22,10,0,0,0,0,0,0,0,0,0,0//AL_DP		#ディバインプロテクション#
23,23,10,22,3,0,0,0,0,0,0,0,0//AL_DEMONBANE	#デーモンベイン#
23,24,1,0,0,0,0,0,0,0,0,0,0//AL_RUWACH		#ルアフ#
23,25,1,27,4,0,0,0,0,0,0,0,0//AL_PNEUMA		#ニューマ#
23,26,2,24,1,0,0,0,0,0,0,0,0//AL_TELEPORT	#テレポート#
23,27,4,26,2,0,0,0,0,0,0,0,0//AL_WARP		#ワープポータル#
23,28,10,0,0,0,0,0,0,0,0,0,0//AL_HEAL		#ヒール#
23,29,10,28,3,0,0,0,0,0,0,0,0//AL_INCAGI	#速度増加#
23,30,10,29,1,0,0,0,0,0,0,0,0//AL_DECAGI	#速度減少#
23,31,1,0,0,0,0,0,0,0,0,0,0//AL_HOLYWATER	#アクアベネディクタ#
23,32,10,23,3,0,0,0,0,0,0,0,0//AL_CRUCIS	#シグナムクルシス#
23,33,10,22,3,0,0,0,0,0,0,0,0//AL_ANGELUS	#エンジェラス#
23,34,10,22,5,0,0,0,0,0,0,0,0//AL_BLESSING	#ブレッシング#
23,35,1,0,0,0,0,0,0,0,0,0,0//AL_CURE		#キュアー#
23,36,10,0,0,0,0,0,0,0,0,0,0//MC_INCCARRY	#所持限界量増加#
23,37,10,36,3,0,0,0,0,0,0,0,0//MC_DISCOUNT	#ディスカウント#
23,38,10,37,3,0,0,0,0,0,0,0,0//MC_OVERCHARGE	#オーバーチャージ#
23,39,10,36,5,0,0,0,0,0,0,0,0//MC_PUSHCART	#プッシュカート#
23,40,1,0,0,0,0,0,0,0,0,0,0//MC_IDENTIFY	#アイテム鑑定#
23,41,10,39,3,0,0,0,0,0,0,0,0//MC_VENDING	#露店開設#
23,42,10,0,0,0,0,0,0,0,0,0,0//MC_MAMMONITE	#メマーナイト#
23,43,10,0,0,0,0,0,0,0,0,0,0//AC_OWL		#ふくろうの目#
23,44,10,43,3,0,0,0,0,0,0,0,0//AC_VULTURE	#ワシの目#
23,45,10,44,1,0,0,0,0,0,0,0,0//AC_CONCENTRATION	#集中力向上#
23,48,10,0,0,0,0,0,0,0,0,0,0//TF_DOUBLE		#ダブルアタック#
23,49,10,0,0,0,0,0,0,0,0,0,0//TF_MISS		#回避率増加#
23,50,10,0,0,0,0,0,0,0,0,0,0//TF_STEAL		#スティール#
23,51,10,50,5,0,0,0,0,0,0,0,0//TF_HIDING	#ハイディング#
23,52,10,0,0,0,0,0,0,0,0,0,0//TF_POISON		#インベナム#
23,53,1,52,3,0,0,0,0,0,0,0,0//TF_DETOXIFY	#解毒#
//Wedding Class
22,1,9,0,0,0,0,0,0,0,0,0,0,0,0//NV_BASIC		#基-{スキル#
22.334,1,0,0,0,0,0,0,0,0,0,0,0
22,335,5,0,0,0,0,0,0,0,0,0,0,0//
22,336,5,0,0,0,0,0,0,0,0,0,0,0//
// JobNo,Skill-ID,MaxLV,前提Skill-ID-1,前提Skill-ID-1-Lv,計5個まで繰り返し
//Novice High
4001,1,9,0,0,0,0,0,0,0,0,0,0//NV_BASIC		#基本スキル#
4001,142,1,0,0,0,0,0,0,0,0,0,0//NV_FIRSTAID	#応急手当#
4001,143,1,0,0,0,0,0,0,0,0,0,0//NV_TRICKDEAD	#死んだふり#
//Swordsman High
4002,1,9,0,0,0,0,0,0,0,0,0,0//NV_BASIC		#基本スキル#
4002,142,1,0,0,0,0,0,0,0,0,0,0//NV_FIRSTAID	#応急手当#
4002,2,10,0,0,0,0,0,0,0,0,0,0//SM_SWORD		#剣修練#
4002,3,10,2,1,0,0,0,0,0,0,0,0//SM_TWOHAND		#両手剣修練#
4002,4,10,0,0,0,0,0,0,0,0,0,0//SM_RECOVERY		#HP回復力向上#
4002,5,10,0,0,0,0,0,0,0,0,0,0//SM_BASH		#バッシュ#
4002,6,10,0,0,0,0,0,0,0,0,0,0//SM_PROVOKE		#プロボック#
4002,7,10,5,5,0,0,0,0,0,0,0,0//SM_MAGNUM		#マグナムブレイク#
4002,8,10,6,5,0,0,0,0,0,0,0,0//SM_ENDURE		#インデュア#
4002,144,1,0,0,0,0,0,0,0,0,0,0//SM_MOVINGRECOVERY	#移動時HP回復#
4002,145,1,0,0,0,0,0,0,0,0,0,0//SM_FATALBLOW	#急所攻撃#
4002,146,1,0,0,0,0,0,0,0,0,0,0//SM_AUTOBERSERK	#オートバーサーク#
//Mage High
4003,1,9,0,0,0,0,0,0,0,0,0,0//NV_BASIC		#基本スキル#
4003,1,9,0,0,0,0,0,0,0,0,0,0//NV_BASIC		#基本スキル#
4003,142,1,0,0,0,0,0,0,0,0,0,0//NV_FIRSTAID	#応急手当#
4003,9,10,0,0,0,0,0,0,0,0,0,0//MG_SRECOVERY	#SP回復力向上#
4003,10,1,0,0,0,0,0,0,0,0,0,0//MG_SIGHT		#サイト#
4003,11,10,0,0,0,0,0,0,0,0,0,0//MG_NAPALMBEAT	#ナパームビート#
4003,12,10,11,7,13,5,0,0,0,0,0,0//MG_SAFETYWALL	#セイフティウォール#
4003,13,10,11,4,0,0,0,0,0,0,0,0//MG_SOULSTRIKE	#ソウルストライク#
4003,14,10,0,0,0,0,0,0,0,0,0,0//MG_COLDBOLT	#コールドボルト#
4003,15,10,14,5,0,0,0,0,0,0,0,0//MG_FROSTDIVER	#フロストダイバー#
4003,16,10,0,0,0,0,0,0,0,0,0,0//MG_STONECURSE	#ストーンカース#
4003,17,10,19,4,0,0,0,0,0,0,0,0//MG_FIREBALL	#ファイアーボール#
4003,18,10,17,5,10,1,0,0,0,0,0,0//MG_FIREWALL	#ファイアーウォール#
4003,19,10,0,0,0,0,0,0,0,0,0,0//MG_FIREBOLT	#ファイアーボルト#
4003,20,10,0,0,0,0,0,0,0,0,0,0//MG_LIGHTNINGBOLT	#ライトニングボルト#
4003,21,10,20,4,0,0,0,0,0,0,0,0//MG_THUNDERSTORM	#サンダーストーム#
4003,157,1,0,0,0,0,0,0,0,0,0,0//MG_ENERGYCOAT	#エナジーコート#
//Archer High
4004,1,9,0,0,0,0,0,0,0,0,0,0//NV_BASIC		#基本スキル#
4004,142,1,0,0,0,0,0,0,0,0,0,0//NV_FIRSTAID	#応急手当#
4004,43,10,0,0,0,0,0,0,0,0,0,0//AC_OWL		#ふくろうの目#
4004,44,10,43,3,0,0,0,0,0,0,0,0//AC_VULTURE	#ワシの目#
4004,45,10,44,1,0,0,0,0,0,0,0,0//AC_CONCENTRATION	#集中力向上#
4004,46,10,0,0,0,0,0,0,0,0,0,0//AC_DOUBLE		#ダブルストレイフィング#
4004,47,10,46,5,0,0,0,0,0,0,0,0//AC_SHOWER		#アローシャワー#
4004,147,1,0,0,0,0,0,0,0,0,0,0//AC_MAKINGARROW	#矢作成#
4004,148,1,0,0,0,0,0,0,0,0,0,0//AC_CHARGEARROW	#チャージアロー#
//Acolyte High
4005,1,9,0,0,0,0,0,0,0,0,0,0//NV_BASIC		#基本スキル#
4005,142,1,0,0,0,0,0,0,0,0,0,0//NV_FIRSTAID	#応急手当#
4005,22,10,0,0,0,0,0,0,0,0,0,0//AL_DP		#ディバインプロテクション#
4005,23,10,22,3,0,0,0,0,0,0,0,0//AL_DEMONBANE	#デーモンベイン#
4005,24,1,0,0,0,0,0,0,0,0,0,0//AL_RUWACH		#ルアフ#
4005,25,1,27,4,0,0,0,0,0,0,0,0//AL_PNEUMA		#ニューマ#
4005,26,2,24,1,0,0,0,0,0,0,0,0//AL_TELEPORT	#テレポート#
4005,27,4,26,2,0,0,0,0,0,0,0,0//AL_WARP		#ワープポータル#
4005,28,10,0,0,0,0,0,0,0,0,0,0//AL_HEAL		#ヒール#
4005,29,10,28,3,0,0,0,0,0,0,0,0//AL_INCAGI		#速度増加#
4005,30,10,29,1,0,0,0,0,0,0,0,0//AL_DECAGI		#速度減少#
4005,31,1,0,0,0,0,0,0,0,0,0,0//AL_HOLYWATER	#アクアベネディクタ#
4005,32,10,23,3,0,0,0,0,0,0,0,0//AL_CRUCIS		#シグナムクルシス#
4005,33,10,22,3,0,0,0,0,0,0,0,0//AL_ANGELUS	#エンジェラス#
4005,34,10,22,5,0,0,0,0,0,0,0,0//AL_BLESSING	#ブレッシング#
4005,35,1,0,0,0,0,0,0,0,0,0,0//AL_CURE		#キュアー#
4005,156,1,0,0,0,0,0,0,0,0,0,0//AL_HOLYLIGHT	#ホーリーライト#
//Merchant High
4006,1,9,0,0,0,0,0,0,0,0,0,0//NV_BASIC		#基本スキル#
4006,142,1,0,0,0,0,0,0,0,0,0,0//NV_FIRSTAID	#応急手当#
4006,36,10,0,0,0,0,0,0,0,0,0,0//MC_INCCARRY	#所持限界量増加#
4006,37,10,36,3,0,0,0,0,0,0,0,0//MC_DISCOUNT	#ディスカウント#
4006,38,10,37,3,0,0,0,0,0,0,0,0//MC_OVERCHARGE	#オーバーチャージ#
4006,39,10,36,5,0,0,0,0,0,0,0,0//MC_PUSHCART	#プッシュカート#
4006,40,1,0,0,0,0,0,0,0,0,0,0//MC_IDENTIFY		#アイテム鑑定#
4006,41,10,39,3,0,0,0,0,0,0,0,0//MC_VENDING	#露店開設#
4006,42,10,0,0,0,0,0,0,0,0,0,0//MC_MAMMONITE	#メマーナイト#
4006,153,1,0,0,0,0,0,0,0,0,0,0//MC_CARTREVOLUTION	#カートレボリューション#
4006,154,1,0,0,0,0,0,0,0,0,0,0//MC_CHANGECART	#チェンジカート#
4006,155,1,0,0,0,0,0,0,0,0,0,0//MC_LOUD		#ラウドボイス#
//Thief High
4007,1,9,0,0,0,0,0,0,0,0,0,0//NV_BASIC		#基本スキル#
4007,142,1,0,0,0,0,0,0,0,0,0,0//NV_FIRSTAID	#応急手当#
4007,48,10,0,0,0,0,0,0,0,0,0,0//TF_DOUBLE		#ダブルアタック#
4007,49,10,0,0,0,0,0,0,0,0,0,0//TF_MISS		#回避率増加#
4007,50,10,0,0,0,0,0,0,0,0,0,0//TF_STEAL		#スティール#
4007,51,10,50,5,0,0,0,0,0,0,0,0//TF_HIDING		#ハイディング#
4007,52,10,0,0,0,0,0,0,0,0,0,0//TF_POISON		#インベナム#
4007,53,1,52,3,0,0,0,0,0,0,0,0//TF_DETOXIFY	#解毒#
4007,149,1,0,0,0,0,0,0,0,0,0,0//TF_SPRINKLESAND	#砂まき#
4007,150,1,0,0,0,0,0,0,0,0,0,0//TF_BACKSLIDING	#バックステップ#
4007,151,1,0,0,0,0,0,0,0,0,0,0//TF_PICKSTONE	#石拾い#
4007,152,1,0,0,0,0,0,0,0,0,0,0//TF_THROWSTONE	#石投げ#
//Lord Knight
4008,1,9,0,0,0,0,0,0,0,0,0,0//NV_BASIC		#基本スキル#
4008,142,1,0,0,0,0,0,0,0,0,0,0//NV_FIRSTAID	#応急手当#
4008,2,10,0,0,0,0,0,0,0,0,0,0//SM_SWORD		#剣修練#
4008,3,10,2,1,0,0,0,0,0,0,0,0//SM_TWOHAND		#両手剣修練#
4008,4,10,0,0,0,0,0,0,0,0,0,0//SM_RECOVERY		#HP回復力向上#
4008,5,10,0,0,0,0,0,0,0,0,0,0//SM_BASH		#バッシュ#
4008,6,10,0,0,0,0,0,0,0,0,0,0//SM_PROVOKE		#プロボック#
4008,7,10,5,5,0,0,0,0,0,0,0,0//SM_MAGNUM		#マグナムブレイク#
4008,8,10,6,5,0,0,0,0,0,0,0,0//SM_ENDURE		#インデュア#
4008,144,1,0,0,0,0,0,0,0,0,0,0//SM_MOVINGRECOVERY	#移動時HP回復#
4008,145,1,0,0,0,0,0,0,0,0,0,0//SM_FATALBLOW	#急所攻撃#
4008,146,1,0,0,0,0,0,0,0,0,0,0//SM_AUTOBERSERK	#オートバーサーク#
4008,55,10,0,0,0,0,0,0,0,0,0,0//KN_SPEARMASTERY	#槍修練#
4008,56,10,55,1,0,0,0,0,0,0,0,0//KN_PIERCE		#ピアース#
4008,57,10,63,1,58,3,0,0,0,0,0,0//KN_BRANDISHSPEAR	#ブランディッシュスピア#
4008,58,10,56,5,0,0,0,0,0,0,0,0//KN_SPEARSTAB	#スピアスタブ#
4008,59,5,56,3,0,0,0,0,0,0,0,0//KN_SPEARBOOMERANG	#スピアブーメラン#
4008,60,10,3,1,0,0,0,0,0,0,0,0//KN_TWOHANDQUICKEN	#ツーハンドクイッケン#
4008,61,5,3,1,0,0,0,0,0,0,0,0//KN_AUTOCOUNTER	#オートカウンター#
4008,62,10,5,10,7,3,3,5,60,10,61,5//KN_BOWLINGBASH	#ボウリングバッシュ#
4008,63,1,8,1,0,0,0,0,0,0,0,0//KN_RIDING		#ライディング#
4008,5,10,63,1,0,0,0,0,0,0,0,0//KN_CAVALIERMASTERY#騎兵修練#
4008,355,5,5,5,7,3,3,5,0,0,0,0//LK_AURABLADE
4008,356,10,3,10,6,5,60,3,0,0,0,0//LK_PARRYING
4008,357,5,4,1,55,5,63,1,0,0,0,0//LK_CONCENTRATE
4008,358,1,4,10,6,5,8,3,0,0,0,0//LK_TENSIONRELAX
4008,359,1,55,7,56,5,57,5,58,2,63,1//LK_BERSERK
4008,360,1,3,10,4,6,62,6,0,0,0,0//LK_FURY
4008,397,5,55,10,56,10,58,5,63,1,0,0//LK_SPIRALPIERCE
4008,398,5,55,9,63,1,0,0,0,0,0,0//LK_HEADCRUSH
4008,399,10,55,9,64,3,398,3,0,0,0,0//LK_JOINTBEAT#ジョイントビート#
//High Priest
4009,1,9,0,0,0,0,0,0,0,0,0,0//NV_BASIC		#基本スキル#
4009,142,1,0,0,0,0,0,0,0,0,0,0//NV_FIRSTAID	#応急手当#
4009,22,10,0,0,0,0,0,0,0,0,0,0//AL_DP		#ディバインプロテクション#
4009,23,10,22,3,0,0,0,0,0,0,0,0//AL_DEMONBANE	#デーモンベイン#
4009,24,1,0,0,0,0,0,0,0,0,0,0//AL_RUWACH		#ルアフ#
4009,25,1,27,4,0,0,0,0,0,0,0,0//AL_PNEUMA		#ニューマ#
4009,26,2,24,1,0,0,0,0,0,0,0,0//AL_TELEPORT	#テレポート#
4009,27,4,26,2,0,0,0,0,0,0,0,0//AL_WARP		#ワープポータル#
4009,28,10,0,0,0,0,0,0,0,0,0,0//AL_HEAL		#ヒール#
4009,29,10,28,3,0,0,0,0,0,0,0,0//AL_INCAGI		#速度増加#
4009,30,10,29,1,0,0,0,0,0,0,0,0//AL_DECAGI		#速度減少#
4009,31,1,0,0,0,0,0,0,0,0,0,0//AL_HOLYWATER	#アクアベネディクタ#
4009,32,10,23,3,0,0,0,0,0,0,0,0//AL_CRUCIS		#シグナムクルシス#
4009,33,10,22,3,0,0,0,0,0,0,0,0//AL_ANGELUS	#エンジェラス#
4009,34,10,22,5,0,0,0,0,0,0,0,0//AL_BLESSING	#ブレッシング#
4009,35,1,0,0,0,0,0,0,0,0,0,0//AL_CURE		#キュアー#
4009,156,1,0,0,0,0,0,0,0,0,0,0//AL_HOLYLIGHT	#ホーリーライト#
4009,9,10,0,0,0,0,0,0,0,0,0,0//MG_SRECOVERY	#SP回復力向上#
4009,12,10,68,4,0,0,0,0,0,0,0,0//MG_SAFETYWALL	#セイフティウォール#
4009,54,4,72,1,9,4,0,0,0,0,0,0//ALL_RESURRECTION	#リザレクション#
4009,65,10,0,0,0,0,0,0,0,0,0,0//PR_MACEMASTERY	#メイス修練#
4009,66,5,0,0,0,0,0,0,0,0,0,0//PR_IMPOSITIO	#イムポシティオマヌス#
4009,67,3,66,2,0,0,0,0,0,0,0,0//PR_SUFFRAGIUM	#サフラギウム#
4009,68,5,31,1,66,3,0,0,0,0,0,0//PR_ASPERSIO	#アスペルシオ#
4009,69,5,75,3,68,5,0,0,0,0,0,0//PR_BENEDICTIO	#聖体降福#
4009,70,10,28,1,0,0,0,0,0,0,0,0//PR_SANCTUARY	#サンクチュアリ#
4009,71,4,72,1,0,0,0,0,0,0,0,0//PR_SLOWPOISON	#スローポイズン#
4009,72,1,0,0,0,0,0,0,0,0,0,0//PR_STRECOVERY	#リカバリー#
4009,73,10,33,2,0,0,0,0,0,0,0,0//PR_KYRIE		#キリエエレイソン#
4009,74,5,0,0,0,0,0,0,0,0,0,0//PR_MAGNIFICAT	#マグニフィカート#
4009,75,5,73,4,74,3,0,0,0,0,0,0//PR_GLORIA		#グロリア#
4009,76,10,24,1,0,0,0,0,0,0,0,0//PR_LEXDIVINA	#レックスディビーナ#
4009,77,10,54,1,76,3,0,0,0,0,0,0//PR_TURNUNDEAD	#ターンアンデッド#
4009,78,1,76,5,0,0,0,0,0,0,0,0//PR_LEXAETERNA	#レックスエーテルナ#
4009,79,10,12,1,78,1,77,3,0,0,0,0//PR_MAGNUS	#マグヌスエクソシズム#
4009,361,5,33,1,9,3,66,3,0,0,0,0//HP_ASSUMPTIO
4009,362,5,75,2,9,1,73,3,0,0,0,0//HP_BASILICA
4009,363,10,68,3,9,5,76,5,0,0,0,0//HP_BASILICA
//High Wizard
4010,1,9,0,0,0,0,0,0,0,0,0,0//NV_BASIC		#基本スキル#
4010,142,1,0,0,0,0,0,0,0,0,0,0//NV_FIRSTAID	#応急手当#
4010,9,10,0,0,0,0,0,0,0,0,0,0//MG_SRECOVERY	#SP回復力向上#
4010,10,1,0,0,0,0,0,0,0,0,0,0//MG_SIGHT		#サイト#
4010,11,10,0,0,0,0,0,0,0,0,0,0//MG_NAPALMBEAT	#ナパームビート#
4010,12,10,11,7,13,5,0,0,0,0,0,0//MG_SAFETYWALL	#セイフティウォール#
4010,13,10,11,4,0,0,0,0,0,0,0,0//MG_SOULSTRIKE	#ソウルストライク#
4010,14,10,0,0,0,0,0,0,0,0,0,0//MG_COLDBOLT	#コールドボルト#
4010,15,10,14,5,0,0,0,0,0,0,0,0//MG_FROSTDIVER	#フロストダイバー#
4010,16,10,0,0,0,0,0,0,0,0,0,0//MG_STONECURSE	#ストーンカース#
4010,17,10,19,4,0,0,0,0,0,0,0,0//MG_FIREBALL	#ファイアーボール#
4010,18,10,17,5,10,1,0,0,0,0,0,0//MG_FIREWALL	#ファイアーウォール#
4010,19,10,0,0,0,0,0,0,0,0,0,0//MG_FIREBOLT	#ファイアーボルト#
4010,20,10,0,0,0,0,0,0,0,0,0,0//MG_LIGHTNINGBOLT	#ライトニングボルト#
4010,21,10,20,4,0,0,0,0,0,0,0,0//MG_THUNDERSTORM	#サンダーストーム#
4010,157,1,0,0,0,0,0,0,0,0,0,0//MG_ENERGYCOAT	#エナジーコート#
4010,80,10,18,1,0,0,0,0,0,0,0,0//WZ_FIREPILLAR	#ファイアーピラー#
4010,81,10,20,1,10,1,0,0,0,0,0,0//WZ_SIGHTRASHER	#サイトラッシャー#
//4010,82,10,0,0,0,0,0,0,0,0,0,0//WZ_FIREIVY	#ファイアアイビー#
4010,83,10,81,2,0,0,0,0,0,0,0,0//WZ_METEOR		#メテオストーム#
4010,84,10,11,1,20,1,0,0,0,0,0,0//WZ_JUPITEL	#ユピテルサンダー#
4010,85,10,11,1,21,1,84,5,0,0,0,0//WZ_VERMILION	#ロードオブヴァーミリオン#
4010,86,5,14,1,20,1,0,0,0,0,0,0//WZ_WATERBALL	#ウォーターボール#
4010,87,10,16,1,15,1,0,0,0,0,0,0//WZ_ICEWALL	#アイスウォール#
4010,88,10,87,1,0,0,0,0,0,0,0,0//WZ_FROSTNOVA	#フロストノヴァ#
4010,89,10,15,1,84,3,0,0,0,0,0,0//WZ_STORMGUST	#ストームガスト#
4010,90,5,16,1,0,0,0,0,0,0,0,0//WZ_EARTHSPIKE	#アーススパイク#
4010,91,5,90,3,0,0,0,0,0,0,0,0//WZ_HEAVENDRIVE	#ヘヴンズドライブ#
4010,92,5,14,1,91,1,0,0,0,0,0,0//WZ_QUAGMIRE	#クァグマイア#
4010,93,1,0,0,0,0,0,0,0,0,0,0//WZ_ESTIMATION	#モンスター情報#
4010,364,10,9,5,13,7,0,0,0,0,0,0//HW_SOULDRAIN		#基本スキル#
4010,365,10,9,1,0,0,0,0,0,0,0,0//HW_MAGICCRASHER		#基本スキル#
4010,366,10,0,0,0,0,0,0,0,0,0,0//HW_MAGICPOWER	#基本スキル#
4010,400,5,11,5,0,0,0,0,0,0,0,0//HW_NAPALMVULCAN
//Whitesmith
4011,1,9,0,0,0,0,0,0,0,0,0,0//NV_BASIC		#基本スキル#
4011,142,1,0,0,0,0,0,0,0,0,0,0//NV_FIRSTAID	#応急手当#
4011,36,10,0,0,0,0,0,0,0,0,0,0//MC_INCCARRY	#所持限界量増加#
4011,37,10,36,3,0,0,0,0,0,0,0,0//MC_DISCOUNT	#ディスカウント#
4011,38,10,37,3,0,0,0,0,0,0,0,0//MC_OVERCHARGE	#オーバーチャージ#
4011,39,10,36,5,0,0,0,0,0,0,0,0//MC_PUSHCART	#プッシュカート#
4011,40,1,0,0,0,0,0,0,0,0,0,0//MC_IDENTIFY	#アイテム鑑定#
4011,41,10,39,3,0,0,0,0,0,0,0,0//MC_VENDING	#露店開設#
4011,42,10,0,0,0,0,0,0,0,0,0,0//MC_MAMMONITE	#メマーナイト#
4011,153,1,0,0,0,0,0,0,0,0,0,0//MC_CARTREVOLUTION	#カートレボリューション#
4011,154,1,0,0,0,0,0,0,0,0,0,0//MC_CHANGECART	#チェンジカート#
4011,155,1,0,0,0,0,0,0,0,0,0,0//MC_LOUD		#ラウドボイス#
4011,94,5,0,0,0,0,0,0,0,0,0,0//BS_IRON		#鉄製造#
4011,95,5,94,1,0,0,0,0,0,0,0,0//BS_STEEL		#鋼鉄製造#
4011,96,5,94,1,0,0,0,0,0,0,0,0//BS_ENCHANTEDSTONE	#属性石製造#
4011,97,5,96,1,0,0,0,0,0,0,0,0//BS_ORIDEOCON	#オリデオコン研究#
4011,98,3,0,0,0,0,0,0,0,0,0,0//BS_DAGGER		#短剣製作#
4011,99,3,98,1,0,0,0,0,0,0,0,0//BS_SWORD		#剣製作#
4011,100,3,99,1,0,0,0,0,0,0,0,0//BS_TWOHANDSWORD	#両手剣製作#
4011,101,3,99,2,0,0,0,0,0,0,0,0//BS_AXE		#斧製作#
4011,102,3,103,1,0,0,0,0,0,0,0,0//BS_MACE		#メイス製作#
4011,103,3,98,1,0,0,0,0,0,0,0,0//BS_KNUCKLE	#ナックル製作#
4011,104,3,98,2,0,0,0,0,0,0,0,0//BS_SPEAR		#槍製作#
4011,105,1,0,0,0,0,0,0,0,0,0,0//BS_HILTBINDING	#ヒルトバイディング#
4011,106,1,95,1,105,1,0,0,0,0,0,0//BS_FINDINGORE	#鉱石発見#
4011,107,10,105,1,0,0,0,0,0,0,0,0//BS_WEAPONRESEARCH#武器研究#
4011,108,1,107,1,0,0,0,0,0,0,0,0//BS_REPAIRWEAPON	#武器修理#
4011,109,5,0,0,0,0,0,0,0,0,0,0//BS_SKINTEMPER	#スキンテンパリング#
4011,110,5,0,0,0,0,0,0,0,0,0,0//BS_HAMMERFALL	#ハンマーフォール#
4011,111,5,110,2,0,0,0,0,0,0,0,0//BS_ADRENALINE	#アドレナリンラッシュ#
4011,112,5,107,2,111,2,0,0,0,0,0,0//BS_WEAPONPERFECT#ウエポンパーフェクション#
4011,113,5,111,3,0,0,0,0,0,0,0,0//BS_OVERTHRUST	#オーバートラスト#
4011,114,5,112,3,113,2,0,0,0,0,0,0//BS_MAXIMIZE	#マキシマイズパワー#
4011,384,10,109,3,105,1,107,5,113,3,0,0//WS_MELTDOWN		#基本スキル#
4011,385,3,109,5,94,5,96,3,97,2,0,0//WS_CREATECOIN		#基本スキル#
4011,386,3,97,3,106,1,107,5,0,0,0,0//WS_CREATENUGGET		#基本スキル#
4011,387,1,39,5,153,1,154,1,105,1,0,0//WS_CARTBOOST		#基本スキル#
4011,388,1,107,10,112,3,0,0,0,0,0,0//WS_SYSTEMCREATE		#基本スキル#
4011,477,10,109,5,94,5,96,3,97,2,0,0//WS_WEAPONREFINE
//Sniper
4012,1,9,0,0,0,0,0,0,0,0,0,0//NV_BASIC		#基本スキル#
4012,142,1,0,0,0,0,0,0,0,0,0,0//NV_FIRSTAID	#応急手当#
4012,43,10,0,0,0,0,0,0,0,0,0,0//AC_OWL		#ふくろうの目#
4012,44,10,43,3,0,0,0,0,0,0,0,0//AC_VULTURE	#ワシの目#
4012,45,10,44,1,0,0,0,0,0,0,0,0//AC_CONCENTRATION	#集中力向上#
4012,46,10,0,0,0,0,0,0,0,0,0,0//AC_DOUBLE		#ダブルストレイフィング#
4012,47,10,46,5,0,0,0,0,0,0,0,0//AC_SHOWER	#アローシャワー#
4012,147,1,0,0,0,0,0,0,0,0,0,0//AC_MAKINGARROW	#矢作成#
4012,148,1,0,0,0,0,0,0,0,0,0,0//AC_CHARGEARROW	#チャージアロー#
4012,115,5,0,0,0,0,0,0,0,0,0,0//HT_SKIDTRAP	#スキッドトラップ#
4012,116,5,0,0,0,0,0,0,0,0,0,0//HT_LANDMINE	#ランドマイン#
4012,117,5,115,1,0,0,0,0,0,0,0,0//HT_ANKLESNARE	#アンクルスネア#
4012,118,5,117,1,0,0,0,0,0,0,0,0//HT_SHOCKWAVE	#ショックウェーブトラップ#
4012,119,5,120,1,0,0,0,0,0,0,0,0//HT_SANDMAN	#サンドマン#
4012,120,5,115,1,0,0,0,0,0,0,0,0//HT_FLASHER	#フラッシャー#
4012,121,5,120,1,0,0,0,0,0,0,0,0//HT_FREEZINGTRAP	#フリージングトラップ#
4012,122,5,116,1,119,1,121,1,0,0,0,0//HT_BLASTMINE#ブラストマイン#
4012,123,5,118,1,122,1,0,0,0,0,0,0//HT_CLAYMORETRAP#クレイモアートラップ#
4012,124,1,116,1,0,0,0,0,0,0,0,0//HT_REMOVETRAP	#リムーブトラップ#
4012,125,1,118,1,124,1,0,0,0,0,0,0//HT_TALKIEBOX	#トーキーボックス#
4012,126,10,0,0,0,0,0,0,0,0,0,0//HT_BEASTBANE	#ビーストベイン#
4012,127,1,126,1,0,0,0,0,0,0,0,0//HT_FALCON	#ファルコンマスタリー#
4012,128,10,129,5,0,0,0,0,0,0,0,0//HT_STEELCROW	#スチールクロウ#
4012,129,5,127,1,0,0,0,0,0,0,0,0//HT_BLITZBEAT	#ブリッツビート#
4012,130,4,45,1,127,1,0,0,0,0,0,0//HT_DETECTING	#ディテクティング#
4012,131,5,124,1,127,1,0,0,0,0,0,0//HT_SPRINGTRAP	#スプリングトラップ#
4012,380,10,43,10,44,10,45,10,127,1,0,0//SN_SIGHT		#基本スキル#
4012,381,5,128,3,44,10,129,5,127,1,0,0//SN_FALCONASSAULT		#基本スキル#
4012,382,5,45,10,46,5,0,0,0,0,0,0//SN_SHARPSHOOTING		#基本スキル#
4012,383,5,45,9,0,0,0,0,0,0,0,0//SN_WINDWALK		#基本スキル#
//Assassin Cross
4013,1,9,0,0,0,0,0,0,0,0,0,0//NV_BASIC		#基本スキル#
4013,142,1,0,0,0,0,0,0,0,0,0,0//NV_FIRSTAID	#応急手当#
4013,48,10,0,0,0,0,0,0,0,0,0,0//TF_DOUBLE		#ダブルアタック#
4013,49,10,0,0,0,0,0,0,0,0,0,0//TF_MISS		#回避率増加#
4013,50,10,0,0,0,0,0,0,0,0,0,0//TF_STEAL		#スティール#
4013,51,10,50,5,0,0,0,0,0,0,0,0//TF_HIDING	#ハイディング#
4013,52,10,0,0,0,0,0,0,0,0,0,0//TF_POISON		#インベナム#
4013,53,1,52,3,0,0,0,0,0,0,0,0//TF_DETOXIFY	#解毒#
4013,149,1,0,0,0,0,0,0,0,0,0,0//TF_SPRINKLESAND	#砂まき#
4013,150,1,0,0,0,0,0,0,0,0,0,0//TF_BACKSLIDING	#バックステップ#
4013,151,1,0,0,0,0,0,0,0,0,0,0//TF_PICKSTONE	#石拾い#
4013,152,1,0,0,0,0,0,0,0,0,0,0//TF_THROWSTONE	#石投げ#
4013,132,5,0,0,0,0,0,0,0,0,0,0//AS_RIGHT		#右手修練#
4013,133,5,132,2,0,0,0,0,0,0,0,0//AS_LEFT		#左手修練#
4013,134,10,0,0,0,0,0,0,0,0,0,0//AS_KATAR		#カタール修練#
4013,135,10,51,2,0,0,0,0,0,0,0,0//AS_CLOAKING	#クローキング#
4013,136,10,134,4,0,0,0,0,0,0,0,0//AS_SONICBLOW	#ソニックブロー#
4013,137,5,135,2,136,5,0,0,0,0,0,0//AS_GRIMTOOTH	#グリムトゥース#
4013,138,10,52,1,0,0,0,0,0,0,0,0//AS_ENCHANTPOISON#エンチャントポイズン#
4013,139,10,138,3,0,0,0,0,0,0,0,0//AS_POISONREACT	#ポイズンリアクト#
4013,140,10,138,5,0,0,0,0,0,0,0,0//AS_VENOMDUST	#ベナムダスト#
4013,141,10,139,5,140,5,0,0,0,0,0,0//AS_SPLASHER	#ベナムスプラッシャー#
4013,376,10,48,5,134,7,0,0,0,0,0,0//ASC_KATAR		#基本スキル#
4013,377,10,49,5,135,5,0,0,0,0,0,0//ASC_HALLUCINATION		#基本スキル#
4013,378,10,407,1,0,0,0,0,0,0,0,0//ASC_ENCHANTPOISON		#基本スキル#
4013,379,10,48,5,135,3,138,6,140,5,0,0//ASC_BREAKER		#基本スキル#
4013,406,10,132,3,134,5,136,5,379,1,0,0//ASC_METEORASSUALT
4013,407,1,52,10,53,1,138,5,0,0,0,0//ASC_CDP
// Peco Lord Knight
4014,1,9,0,0,0,0,0,0,0,0,0,0//NV_BASIC		#基本スキル#
4014,142,1,0,0,0,0,0,0,0,0,0,0//NV_FIRSTAID	#応急手当#
4014,2,10,0,0,0,0,0,0,0,0,0,0//SM_SWORD		#剣修練#
4014,3,10,2,1,0,0,0,0,0,0,0,0//SM_TWOHAND		#両手剣修練#
4014,4,10,0,0,0,0,0,0,0,0,0,0//SM_RECOVERY		#HP回復力向上#
4014,5,10,0,0,0,0,0,0,0,0,0,0//SM_BASH		#バッシュ#
4014,6,10,0,0,0,0,0,0,0,0,0,0//SM_PROVOKE		#プロボック#
4014,7,10,5,5,0,0,0,0,0,0,0,0//SM_MAGNUM		#マグナムブレイク#
4014,8,10,6,5,0,0,0,0,0,0,0,0//SM_ENDURE		#インデュア#
4014,144,1,0,0,0,0,0,0,0,0,0,0//SM_MOVINGRECOVERY	#移動時HP回復#
4014,145,1,0,0,0,0,0,0,0,0,0,0//SM_FATALBLOW	#急所攻撃#
4014,146,1,0,0,0,0,0,0,0,0,0,0//SM_AUTOBERSERK	#オートバーサーク#
4014,55,10,0,0,0,0,0,0,0,0,0,0//KN_SPEARMASTERY	#槍修練#
4014,56,10,55,1,0,0,0,0,0,0,0,0//KN_PIERCE		#ピアース#
4014,57,10,63,1,58,3,0,0,0,0,0,0//KN_BRANDISHSPEAR	#ブランディッシュスピア#
4014,58,10,56,5,0,0,0,0,0,0,0,0//KN_SPEARSTAB	#スピアスタブ#
4014,59,5,56,3,0,0,0,0,0,0,0,0//KN_SPEARBOOMERANG	#スピアブーメラン#
4014,60,10,3,1,0,0,0,0,0,0,0,0//KN_TWOHANDQUICKEN	#ツーハンドクイッケン#
4014,61,5,3,1,0,0,0,0,0,0,0,0//KN_AUTOCOUNTER	#オートカウンター#
4014,62,10,5,10,7,3,3,5,60,10,61,5//KN_BOWLINGBASH	#ボウリングバッシュ#
4014,63,1,8,1,0,0,0,0,0,0,0,0//KN_RIDING		#ライディング#
4014,64,5,63,1,0,0,0,0,0,0,0,0//KN_CAVALIERMASTERY#騎兵修練#
4014,355,5,5,5,7,3,3,5,0,0,0,0//LK_AURABLADE
4014,356,10,3,10,6,5,60,3,0,0,0,0//LK_PARRYING
4014,357,5,4,1,55,5,63,1,0,0,0,0//LK_CONCENTRATE
4014,358,1,4,10,6,5,8,3,0,0,0,0//LK_TENSIONRELAX
4014,359,1,55,7,56,5,57,5,58,2,63,1//LK_BERSERK
4014,360,1,3,10,4,6,62,6,0,0,0,0//LK_FURY
4014,397,5,0,0,0,0,0,0,0,0,0,0//LK_SPIRALPIERCE
4014,398,5,0,0,0,0,0,0,0,0,0,0//LK_HEADCRUSH
4014,399,10,0,0,0,0,0,0,0,0,0,0//LK_HEADCRUSH
//Paladin
4015,1,9,0,0,0,0,0,0,0,0,0,0//NV_BASIC		#基本スキル#
4015,142,1,0,0,0,0,0,0,0,0,0,0//NV_FIRSTAID	#応急手当#
4015,2,10,0,0,0,0,0,0,0,0,0,0//SM_SWORD		#剣修練#
4015,3,10,2,1,0,0,0,0,0,0,0,0//SM_TWOHAND		#両手剣修練#
4015,4,10,0,0,0,0,0,0,0,0,0,0//SM_RECOVERY	#HP回復力向上#
4015,5,10,0,0,0,0,0,0,0,0,0,0//SM_BASH		#バッシュ#
4015,6,10,0,0,0,0,0,0,0,0,0,0//SM_PROVOKE		#プロボック#
4015,7,10,5,5,0,0,0,0,0,0,0,0//SM_MAGNUM		#マグナムブレイク#
4015,8,10,6,5,0,0,0,0,0,0,0,0//SM_ENDURE		#インデュア#
4015,144,1,0,0,0,0,0,0,0,0,0,0//SM_MOVINGRECOVERY	#移動時HP回復#
4015,145,1,0,0,0,0,0,0,0,0,0,0//SM_FATALBLOW	#急所攻撃#
4015,146,1,0,0,0,0,0,0,0,0,0,0//SM_AUTOBERSERK	#オートバーサーク#
4015,63,1,8,1,0,0,0,0,0,0,0,0//KN_RIDING		#ライディング#
4015,64,5,63,1,0,0,0,0,0,0,0,0//KN_CAVALIERMASTERY#騎兵修練#
4015,55,10,0,0,0,0,0,0,0,0,0,0//KN_SPEARMASTERY	#槍修練#
4015,35,1,248,5,0,0,0,0,0,0,0,0//AL_CURE		#キュアー#
4015,22,10,35,1,0,0,0,0,0,0,0,0//AL_DP		#ディバインプロテクション#
4015,23,10,22,3,0,0,0,0,0,0,0,0//AL_DEMONBANE	#デーモンベイン#
4015,28,10,23,5,0,0,0,0,0,0,0,0//AL_HEAL		#ヒール#
4015,248,10,0,0,0,0,0,0,0,0,0,0//CR_TRUST			#フェイス#
4015,249,10,0,0,0,0,0,0,0,0,0,0//CR_AUTOGUARD		#オートガード#
4015,250,5,249,5,0,0,0,0,0,0,0,0//CR_SHIELDCHARGE		#シールドチャージ#
4015,251,5,250,3,0,0,0,0,0,0,0,0//CR_SHIELDBOOMERANG	#シールドブーメラン#
4015,252,10,251,3,0,0,0,0,0,0,0,0//CR_REFLECTSHIELD	#リフレクトシールド#
4015,253,10,248,7,0,0,0,0,0,0,0,0//CR_HOLYCROSS		#ホーリークロス#
4015,254,10,253,6,248,10,0,0,0,0,0,0//CR_GRANDCROSS	#グランドクロス#
4015,255,5,252,5,254,4,0,0,0,0,0,0//CR_DEVOTION		#ディボーション#
4015,256,5,22,5,28,5,0,0,0,0,0,0//CR_PROVIDENCE		#プロヴィデンス#
4015,257,5,251,1,0,0,0,0,0,0,0,0//CR_DEFENDER		#ディフェンダー#
4015,258,10,55,10,0,0,0,0,0,0,0,0//CR_SPEARQUICKEN	#スピアクイッケン#
4015,367,5,8,5,248,5,250,2,0,0,0,0//PA_PRESSURE
4015,368,5,8,5,248,5,255,3,0,0,0,0//PA_SACRIFICE
4015,369,10,248,8,22,3,23,5,0,0,0,0//PA_GOSPEL
//Champion
4016,1,9,0,0,0,0,0,0,0,0,0,0//NV_BASIC		#基本スキル#
4016,142,1,0,0,0,0,0,0,0,0,0,0//NV_FIRSTAID	#応急手当#
4016,22,10,0,0,0,0,0,0,0,0,0,0//AL_DP		#ディバインプロテクション#
4016,23,10,22,3,0,0,0,0,0,0,0,0//AL_DEMONBANE	#デーモンベイン#
4016,24,1,0,0,0,0,0,0,0,0,0,0//AL_RUWACH		#ルアフ#
4016,25,1,27,4,0,0,0,0,0,0,0,0//AL_PNEUMA		#ニューマ#
4016,26,2,24,1,0,0,0,0,0,0,0,0//AL_TELEPORT	#テレポート#
4016,27,4,26,2,0,0,0,0,0,0,0,0//AL_WARP		#ワープポータル#
4016,28,10,0,0,0,0,0,0,0,0,0,0//AL_HEAL		#ヒール#
4016,29,10,28,3,0,0,0,0,0,0,0,0//AL_INCAGI	#速度増加#
4016,30,10,29,1,0,0,0,0,0,0,0,0//AL_DECAGI	#速度減少#
4016,31,1,0,0,0,0,0,0,0,0,0,0//AL_HOLYWATER	#アクアベネディクタ#
4016,32,10,23,3,0,0,0,0,0,0,0,0//AL_CRUCIS	#シグナムクルシス#
4016,33,10,22,3,0,0,0,0,0,0,0,0//AL_ANGELUS	#エンジェラス#
4016,34,10,22,5,0,0,0,0,0,0,0,0//AL_BLESSING	#ブレッシング#
4016,35,1,0,0,0,0,0,0,0,0,0,0//AL_CURE		#キュアー#
4016,156,1,0,0,0,0,0,0,0,0,0,0//AL_HOLYLIGHT	#ホーリーライト#
4016,259,10,23,10,22,10,0,0,0,0,0,0//MO_IRONHAND		#鉄拳#
4016,260,5,269,2,0,0,0,0,0,0,0,0//MO_SPIRITSRECOVERY	#息吹#
4016,261,5,259,2,0,0,0,0,0,0,0,0//MO_CALLSPIRITS		#気功#
4016,262,1,261,5,0,0,0,0,0,0,0,0//MO_ABSORBSPIRITS	#気奪#
4016,263,10,265,5,0,0,0,0,0,0,0,0//MO_TRIPLEATTACK	#三段掌#
4016,264,1,271,3,260,2,0,0,0,0,0,0//MO_BODYRELOCATION	#残影#
4016,265,10,259,5,261,5,0,0,0,0,0,0//MO_DODGE		#見切り#
4016,266,5,261,5,0,0,0,0,0,0,0,0//MO_FINGEROFFENSIVE	#指弾#
4016,267,5,266,3,0,0,0,0,0,0,0,0/MO_INVESTIGATE		#発勁#
4016,268,5,273,3,0,0,0,0,0,0,0,0//MO_STEELBODY		#金剛#
4016,269,5,265,5,0,0,0,0,0,0,0,0//MO_BLADESTOP		#白刃取り#
4016,270,5,262,1,0,0,0,0,0,0,0,0//MO_EXPLOSIONSPIRITS	#爆裂波動#
4016,271,5,261,5,267,3,0,0,0,0,0,0//MO_EXTREMITYFIST	#阿修羅覇鳳拳#
4016,272,5,263,5,0,0,0,0,0,0,0,0//MO_CHAINCOMBO		#連打掌#
4016,273,5,272,3,0,0,0,0,0,0,0,0//MO_COMBOFINISH		#猛龍拳#
4016,370,5,259,7,261,5,0,0,0,0,0,0//CH_PALMSTRIKE		#基本スキル#
4016,371,5,259,5,263,5,261,5,273,3,0,0//CH_TIGERFIST		#基本スキル#
4016,372,10,259,5,261,5,0,0,0,0,0,0//CH_CHAINCRUSH		#基本スキル#
4016,401,1,261,5,262,1,270,5,0,0,0,0//CH_SOULCOLLECT
//Professor
4017,1,9,0,0,0,0,0,0,0,0,0,0//NV_BASIC	#基本スキル#
4017,9,10,0,0,0,0,0,0,0,0,0,0//MG_SRECOVERY	#SP回復力向上#
4017,10,1,0,0,0,0,0,0,0,0,0,0//MG_SIGHT	#サイト#
4017,11,10,0,0,0,0,0,0,0,0,0,0//MG_NAPALMBEAT	#ナパームビート#
4017,12,10,11,7,13,5,0,0,0,0,0,0//MG_SAFETYWALL	#セイフティウォール#
4017,13,10,11,4,0,0,0,0,0,0,0,0//MG_SOULSTRIKE	#ソウルストライク#
4017,14,10,0,0,0,0,0,0,0,0,0,0//MG_COLDBOLT	#コールドボルト#
4017,15,10,0,0,0,0,0,0,0,0,0,0//MG_FROSTDIVER	#フロストダイバー#
4017,16,10,0,0,0,0,0,0,0,0,0,0//MG_STONECURSE	#ストーンカース#
4017,17,10,19,4,0,0,0,0,0,0,0,0//MG_FIREBALL	#ファイアーボール#
4017,18,10,10,1,17,5,0,0,0,0,0,0//MG_FIREWALL	#ファイアーウォール#
4017,19,10,0,0,0,0,0,0,0,0,0,0//MG_FIREBOLT	#ファイアーボルト#
4017,20,10,0,0,0,0,0,0,0,0,0,0//MG_LIGHTNINGBOLT	#ライトニングボルト#
4017,21,10,20,4,0,0,0,0,0,0,0,0//MG_THUNDERSTORM	#サンダーストーム#
4017,90,5,283,1,0,0,0,0,0,0,0,0//WZ_EARTHSPIKE	#アーススパイク#
4017,91,5,90,1,0,0,0,0,0,0,0,0//WZ_HEAVENDRIVE	#ヘヴンズドライブ#
4017,93,1,0,0,0,0,0,0,0,0,0,0//WZ_ESTIMATION	#モンスター情報#
4017,157,1,0,0,0,0,0,0,0,0,0,0//MG_ENERGYCOAT	#エナジーコート#
4017,274,10,0,0,0,0,0,0,0,0,0,0//SA_ADVANCEDBOOK	#アドバンスドブック#
4017,275,5,274,2,0,0,0,0,0,0,0,0//SA_CASTCANCEL	#キャストキャンセル#
4017,276,5,274,4,0,0,0,0,0,0,0,0//SA_MAGICROD	#マジックロッド#
4017,277,5,276,1,0,0,0,0,0,0,0,0//SA_SPELLBREAKER	#スペルブレイカー#
4017,278,10,275,1,0,0,0,0,0,0,0,0//SA_FREECAST	#フリーキャスト#
4017,279,10,278,4,0,0,0,0,0,0,0,0//SA_AUTOSPELL	#オートスペル#
4017,280,5,19,1,274,5,0,0,0,0,0,0//SA_FLAMELAUNCHER	#フレイムランチャー#
4017,281,5,14,1,274,5,0,0,0,0,0,0//SA_FROSTWEAPON	#フロストウェポン#
4017,282,5,20,1,274,5,0,0,0,0,0,0//SA_LIGHTNINGLOADER	#ライトニングローダー#
4017,283,5,16,1,274,5,0,0,0,0,0,0//SA_SEISMICWEAPON	#サイズミックウェポン#
4017,284,5,274,9,0,0,0,0,0,0,0,0//SA_DRAGONOLOGY	#ドラゴノロジー#
4017,285,5,280,2,0,0,0,0,0,0,0,0//SA_VOLCANO	#ボルケーノ#
4017,286,5,281,2,0,0,0,0,0,0,0,0//SA_DELUGE	#デリュージ#
4017,287,5,282,2,0,0,0,0,0,0,0,0//SA_VIOLENTGALE	#バイオレントゲイル#
4017,288,5,285,3,286,3,287,3,0,0,0,0//SA_LANDPROTECTOR	#ランドプロテクター#
4017,289,5,277,3,0,0,0,0,0,0,0,0//SA_DISPELL	#ディスペル#
4017,290,10,279,5,288,1,289,1,0,0,0,0//SA_ABRACADABRA	#アブラカタブラ#
4017,364,10,9,5,13,7,0,0,0,0,0,0//HW_SOULDRAIN	#ソウルドレイン#
4017,373,5,9,1,276,1,0,0,0,0,0,0//PF_HPCONVERSION	#ライフ置き換え#
4017,374,1,276,3,277,2,0,0,0,0,0,0//PF_SOULCHANGE	#ソウルチェンジ#
4017,375,5,275,5,276,3,277,3,0,0,0,0//PF_SOULBURN	#ソウルバーン#
4017,402,1,9,3,289,2,0,0,0,0,0,0//PF_MINDBREAKER	#マインドブレーカー#
4017,403,1,274,5,278,5,279,1,0,0,0,0//PF_MEMORIZE	#メモライズ#
4017,404,1,286,2,287,2,0,0,0,0,0,0//PF_FOGWALL	#フォグウォール#
4017,405,5,284,4,0,0,0,0,0,0,0,0//PF_SPIDERWEB	#スパイダーウェッブ#
//Stalker
4018,1,9,0,0,0,0,0,0,0,0,0,0//NV_BASIC		#基本スキル#
4018,142,1,0,0,0,0,0,0,0,0,0,0//NV_FIRSTAID	#応急手当#
4018,48,10,0,0,0,0,0,0,0,0,0,0//TF_DOUBLE		#ダブルアタック#
4018,49,10,0,0,0,0,0,0,0,0,0,0//TF_MISS		#回避率増加#
4018,50,10,0,0,0,0,0,0,0,0,0,0//TF_STEAL		#スティール#
4018,51,10,50,5,0,0,0,0,0,0,0,0//TF_HIDING	#ハイディング#
4018,52,10,0,0,0,0,0,0,0,0,0,0//TF_POISON		#インベナム#
4018,53,1,52,3,0,0,0,0,0,0,0,0//TF_DETOXIFY	#解毒#
4018,149,1,0,0,0,0,0,0,0,0,0,0//TF_SPRINKLESAND	#砂まき#
4018,150,1,0,0,0,0,0,0,0,0,0,0//TF_BACKSLIDING	#バックステップ#
4018,151,1,0,0,0,0,0,0,0,0,0,0//TF_PICKSTONE	#石拾い#
4018,152,1,0,0,0,0,0,0,0,0,0,0//TF_THROWSTONE	#石投げ#
4018,2,10,0,0,0,0,0,0,0,0,0,0//SM_SWORD		#剣修練#
4018,44,10,0,0,0,0,0,0,0,0,0,0//AC_VULTURE	#ワシの目#
4018,46,10,44,10,0,0,0,0,0,0,0,0//AC_DOUBLE	#ダブルストレイフィング#
4018,124,1,46,5,0,0,0,0,0,0,0,0//HT_REMOVETRAP	#リムーブトラップ#
4018,210,10,50,1,0,0,0,0,0,0,0,0//RG_SNATCHER	#スナッチャー#
4018,211,10,210,4,0,0,0,0,0,0,0,0//RG_STEALCOIN	#スティールコイン#
4018,212,10,211,4,0,0,0,0,0,0,0,0//RG_BACKSTAP	#バックスタブ#
4018,213,10,51,1,0,0,0,0,0,0,0,0//RG_TUNNELDRIVE	#トンネルドライブ#
4018,214,5,212,2,213,2,0,0,0,0,0,0//RG_RAID	#サプライズアタック#
4018,215,5,217,5,0,0,0,0,0,0,0,0//RG_STRIPWEAPON	#ストリップウエポン#
4018,216,5,218,5,0,0,0,0,0,0,0,0//RG_STRIPSHIELD	#ストリップシールド#
4018,217,5,216,5,0,0,0,0,0,0,0,0//RG_STRIPARMOR	#ストリップアーマー#
4018,218,5,211,1,0,0,0,0,0,0,0,0//RG_STRIPHELM	#ストリップヘルム#
4018,219,10,212,4,214,5,0,0,0,0,0,0//RG_INTIMIDATE#インティミデイト#
4018,220,1,221,5,0,0,0,0,0,0,0,0//RG_GRAFFITI	#グラフィティ#
4018,221,5,222,1,0,0,0,0,0,0,0,0//RG_FLAGGRAFFITI	#フラッググラフィティ#
4018,222,1,223,1,0,0,0,0,0,0,0,0//RG_CLEANER	#クリーナー#
4018,223,5,216,3,0,0,0,0,0,0,0,0//RG_GANGSTER	#ギャングスターパラダイス#
4018,224,5,223,1,0,0,0,0,0,0,0,0//RG_COMPULSION	#コムパルションディスカウント#
4018,225,10,219,5,0,0,0,0,0,0,0,0//RG_PLAGIARISM	#クローンスキル#
4018,389,5,51,5,213,3,0,0,0,0,0,0//ST_CHASEWALK
4018,390,5,215,1,0,0,0,0,0,0,0,0//ST_REJECTSWORD
4018,391,5,215,1,0,0,0,0,0,0,0,0//ST_STEALBACKPACK
4018,475,1,219,5,225,1,0,0,0,0,0,0//ST_PRESERVE
4018,476,5,215,1,216,1,217,1,218,1,0,0//ST_FULLSTRIP
//Creator
4019,1,9,0,0,0,0,0,0,0,0,0,0//NV_BASIC		#基本スキル#
4019,142,1,0,0,0,0,0,0,0,0,0,0//NV_FIRSTAID	#応急手当#
4019,36,10,0,0,0,0,0,0,0,0,0,0//MC_INCCARRY	#所持限界量増加#
4019,37,10,36,3,0,0,0,0,0,0,0,0//MC_DISCOUNT	#ディスカウント#
4019,38,10,37,3,0,0,0,0,0,0,0,0//MC_OVERCHARGE	#オーバーチャージ#
4019,39,10,36,5,0,0,0,0,0,0,0,0//MC_PUSHCART	#プッシュカート#
4019,40,1,0,0,0,0,0,0,0,0,0,0//MC_IDENTIFY	#アイテム鑑定#
4019,41,10,39,3,0,0,0,0,0,0,0,0//MC_VENDING	#露店開設#
4019,42,10,0,0,0,0,0,0,0,0,0,0//MC_MAMMONITE	#メマーナイト#
4019,153,1,0,0,0,0,0,0,0,0,0,0//MC_CARTREVOLUTION	#カートレボリューション#
4019,154,1,0,0,0,0,0,0,0,0,0,0//MC_CHANGECART	#チェンジカート#
4019,155,1,0,0,0,0,0,0,0,0,0,0//MC_LOUD		#ラウドボイス#
4019,2,10,0,0,0,0,0,0,0,0,0,0//SM_SWORD		#剣修練#
4019,226,10,0,0,0,0,0,0,0,0,0,0//AM_AXEMASTERY	#斧修練#
4019,227,10,0,0,0,0,0,0,0,0,0,0//AM_LERNINGPOTION	#ラーニングポーション#
4019,228,10,227,5,0,0,0,0,0,0,0,0//AM_PHARMACY	#ファーマシー#
4019,229,5,228,4,0,0,0,0,0,0,0,0//AM_DEMONSTRATION#デモンストレーション#
4019,230,5,228,5,0,0,0,0,0,0,0,0//AM_ACIDTERROR	#アシッドテラー#
4019,231,5,228,3,0,0,0,0,0,0,0,0//AM_POTIONPITCHER#ポーションピッチャー#
4019,232,5,228,6,0,0,0,0,0,0,0,0//AM_CANNIBALIZE	#バイオプラント#
4019,233,5,228,2,0,0,0,0,0,0,0,0//AM_SPHEREMINE	#スフィアーマイン#
4019,234,5,236,3,0,0,0,0,0,0,0,0//AM_CP_WEAPON	#ケミカルウェポンチャージ#
4019,235,5,237,3,0,0,0,0,0,0,0,0//AM_CP_SHIELD	#ケミカルシールドチャージ#
4019,236,5,235,3,0,0,0,0,0,0,0,0//AM_CP_ARMOR	#ケミカルアーマーチャージ#
4019,237,5,228,2,0,0,0,0,0,0,0,0//AM_CP_HELM	#ケミカルヘルムチャージ#
4019,478,10,228,3,0,0,0,0,0,0,0,0//CR_SLIMPITCHER
4019,479,5,234,1,235,1,236,1,237,1,0,0//CR_FULLPROTECTION

// 韓国でも未実装なので以下のツリーコメントアウト
//4019,238,1,0,0,0,0,0,0,0,0,0,0//AM_BIOETHICS		#生命倫理#
//4019,239,10,238,1,0,0,0,0,0,0,0,0//AM_BIOTECHNOLOGY	#生命工学研究#
//4019,240,5,239,7,0,0,0,0,0,0,0,0//AM_CREATECREATURE	#被造物創造#
//4019,241,5,242,3,243,1,0,0,0,0,0,0//AM_CULTIVATION	#カルトベイション#
//4019,242,5,239,3,0,0,0,0,0,0,0,0//AM_FLAMECONTROL	#フレームコントロール#
//4019,243,1,244,1,0,0,0,0,0,0,0,0//AM_CALLHOMUN		#コールホムンクルス#
//4019,244,1,239,5,0,0,0,0,0,0,0,0//AM_REST		#安息#
//4019,245,10,246,3,0,0,0,0,0,0,0,0//AM_DRILLMASTER	#ドリルマスター#
//4019,246,10,241,5,0,0,0,0,0,0,0,0//AM_HEALHOMUN		#ヒールホムンクルス#
//4019,247,10,246,5,0,0,0,0,0,0,0,0//AM_RESURRECTHOMUN	#リザレクションホムンクルス#
4019,392,5,228,5,0,0,0,0,0,0,0,0//CR_ALCHEMY		#Alchemy#
4019,393,5,228,5,390,2,0,0,0,0,0,0//CR_SYNTHESISPOTION	#Potion Synthesis#
//Clown
4020,1,9,0,0,0,0,0,0,0,0,0,0//NV_BASIC		#基本スキル#
4020,142,1,0,0,0,0,0,0,0,0,0,0//NV_FIRSTAID	#応急手当#
4020,43,10,0,0,0,0,0,0,0,0,0,0//AC_OWL		#ふくろうの目#
4020,44,10,43,3,0,0,0,0,0,0,0,0//AC_VULTURE	#ワシの目#
4020,45,10,44,1,0,0,0,0,0,0,0,0//AC_CONCENTRATION	#集中力向上#
4020,46,10,0,0,0,0,0,0,0,0,0,0//AC_DOUBLE		#ダブルストレイフィング#
4020,47,10,46,5,0,0,0,0,0,0,0,0//AC_SHOWER	#アローシャワー#
4020,147,1,0,0,0,0,0,0,0,0,0,0//AC_MAKINGARROW	#矢作成#
4020,148,1,0,0,0,0,0,0,0,0,0,0//AC_CHARGEARROW	#チャージアロー#
4020,315,10,0,0,0,0,0,0,0,0,0,0//BA_MUSICALLESSON		#楽器の練習#
4020,316,5,315,3,0,0,0,0,0,0,0,0//BA_MUSICALSTRIKE	#ミュージカルストライク#
4020,317,5,315,1,304,1,0,0,0,0,0,0//BA_DISSONANCE		#不協和音#
4020,318,5,305,1,0,0,0,0,0,0,0,0//BA_FROSTJOKE		#寒いジョーク#
4020,319,10,317,3,0,0,0,0,0,0,0,0//BA_WHISTLE		#口笛#
4020,320,10,317,3,0,0,0,0,0,0,0,0//BA_ASSASSINCROSS	#夕陽のアサシンクロス#
4020,321,10,317,3,0,0,0,0,0,0,0,0//BA_POEMBRAGI		#ブラギの詩#
4020,322,10,317,3,0,0,0,0,0,0,0,0//BA_APPLEIDUN		#イドゥンの林檎#
4020,304,1,0,0,0,0,0,0,0,0,0,0//BD_ADAPTATION		#アドリブ
4020,305,1,304,1,0,0,0,0,0,0,0,0//BD_ENCORE		#アンコール#
4020,306,1,319,10,0,0,0,0,0,0,0,0//BD_LULLABY		#子守歌#
4020,307,5,313,3,0,0,0,0,0,0,0,0//BD_RICHMANKIM		#ニヨルドの宴#
4020,308,1,311,1,0,0,0,0,0,0,0,0//BD_ETERNALCHAOS		#永遠の混沌#
4020,309,5,322,10,0,0,0,0,0,0,0,0//BD_DRUMBATTLEFIELD	#戦太鼓の響き#
4020,310,5,309,3,0,0,0,0,0,0,0,0//BD_RINGNIBELUNGEN	#ニーベルングの指輪#
4020,311,1,320,10,0,0,0,0,0,0,0,0//BD_ROKISWEIL		#ロキの叫び#
4020,312,1,306,1,0,0,0,0,0,0,0,0//BD_INTOABYSS		#深淵の中に#
4020,313,5,321,10,0,0,0,0,0,0,0,0//BD_SIEGFRIED		#不死身のジークフリード#
4020,314,1,312,1,308,1,0,0,0,0,0,0//BD_RAGNAROK		#ラグナロク#
4020,394,10,0,0,0,0,0,0,0,0,0,0//CG_ARROWVULCAN
4020,395,5,45,5,315,7,0,0,0,0,0,0//CG_MOONLIT
4020,396,1,45,5,315,5,0,0,0,0,0,0//CG_MARIONETTE
//Gypsy
4021,1,9,0,0,0,0,0,0,0,0,0,0//NV_BASIC		#基本スキル#
4021,142,1,0,0,0,0,0,0,0,0,0,0//NV_FIRSTAID	#応急手当#
4021,43,10,0,0,0,0,0,0,0,0,0,0//AC_OWL		#ふくろうの目#
4021,44,10,43,3,0,0,0,0,0,0,0,0//AC_VULTURE	#ワシの目#
4021,45,10,44,1,0,0,0,0,0,0,0,0//AC_CONCENTRATION	#集中力向上#
4021,46,10,0,0,0,0,0,0,0,0,0,0//AC_DOUBLE		#ダブルストレイフィング#
4021,47,10,46,5,0,0,0,0,0,0,0,0//AC_SHOWER	#アローシャワー#
4021,147,1,0,0,0,0,0,0,0,0,0,0//AC_MAKINGARROW	#矢作成#
4021,148,1,0,0,0,0,0,0,0,0,0,0//AC_CHARGEARROW	#チャージアロー#
4021,323,10,0,0,0,0,0,0,0,0,0,0//DC_DANCINGLESSON		#ダンスの練習#
4021,324,10,0,0,0,0,0,0,0,0,0,0//DC_THROWARROW		#矢撃ち#
4021,325,5,323,1,304,1,0,0,0,0,0,0//DC_UGLYDANCE		#自分勝手なダンス#
4021,326,5,305,1,0,0,0,0,0,0,0,0//DC_SCREAM		#スクリーム#
4021,327,10,325,3,0,0,0,0,0,0,0,0//DC_HUMMING		#ハミング#
4021,328,10,325,3,0,0,0,0,0,0,0,0//DC_DONTFORGETME	#私を忘れないで…#
4021,329,10,325,3,0,0,0,0,0,0,0,0//DC_FORTUNEKISS		#幸運のキス#
4021,330,10,325,3,0,0,0,0,0,0,0,0//DC_SERVICEFORYOU	#サービスフォーユー#
4021,304,1,0,0,0,0,0,0,0,0,0,0//BD_ADAPTATION		#アドリブ
4021,305,1,304,1,0,0,0,0,0,0,0,0//BD_ENCORE		#アンコール#
4021,306,1,327,10,0,0,0,0,0,0,0,0//BD_LULLABY		#子守歌#
4021,307,5,313,3,0,0,0,0,0,0,0,0//BD_RICHMANKIM		#ニヨルドの宴#
4021,308,1,311,1,0,0,0,0,0,0,0,0//BD_ETERNALCHAOS		#永遠の混沌#
4021,309,5,330,10,0,0,0,0,0,0,0,0//BD_DRUMBATTLEFIELD	#戦太鼓の響き#
4021,310,5,309,3,0,0,0,0,0,0,0,0//BD_RINGNIBELUNGEN	#ニーベルングの指輪#
4021,311,1,328,10,0,0,0,0,0,0,0,0//BD_ROKISWEIL		#ロキの叫び#
4021,312,1,306,1,0,0,0,0,0,0,0,0//BD_INTOABYSS		#深淵の中に#
4021,313,5,329,10,0,0,0,0,0,0,0,0//BD_SIEGFRIED		#不死身のジークフリード#
4021,314,1,312,1,308,1,0,0,0,0,0,0//BD_RAGNAROK		#ラグナロク#
4021,394,10,0,0,0,0,0,0,0,0,0,0//CG_ARROWVULCAN
4021,395,5,45,5,323,7,0,0,0,0,0,0//CG_MOONLIT
4021,396,1,45,5,323,5,0,0,0,0,0,0//CG_MARIONETTE
// Peco Paladin
4022,1,9,0,0,0,0,0,0,0,0,0,0//NV_BASIC		#基本スキル#
4022,142,1,0,0,0,0,0,0,0,0,0,0//NV_FIRSTAID	#応急手当#
4022,2,10,0,0,0,0,0,0,0,0,0,0//SM_SWORD		#剣修練#
4022,3,10,2,1,0,0,0,0,0,0,0,0//SM_TWOHAND		#両手剣修練#
4022,4,10,0,0,0,0,0,0,0,0,0,0//SM_RECOVERY	#HP回復力向上#
4022,5,10,0,0,0,0,0,0,0,0,0,0//SM_BASH		#バッシュ#
4022,6,10,0,0,0,0,0,0,0,0,0,0//SM_PROVOKE		#プロボック#
4022,7,10,5,5,0,0,0,0,0,0,0,0//SM_MAGNUM		#マグナムブレイク#
4022,8,10,6,5,0,0,0,0,0,0,0,0//SM_ENDURE		#インデュア#
4022,144,1,0,0,0,0,0,0,0,0,0,0//SM_MOVINGRECOVERY	#移動時HP回復#
4022,145,1,0,0,0,0,0,0,0,0,0,0//SM_FATALBLOW	#急所攻撃#
4022,146,1,0,0,0,0,0,0,0,0,0,0//SM_AUTOBERSERK	#オートバーサーク#
4022,63,1,8,1,0,0,0,0,0,0,0,0//KN_RIDING		#ライディング#
4022,64,5,63,1,0,0,0,0,0,0,0,0//KN_CAVALIERMASTERY#騎兵修練#
4022,55,10,0,0,0,0,0,0,0,0,0,0//KN_SPEARMASTERY	#槍修練#
4022,35,1,248,5,0,0,0,0,0,0,0,0//AL_CURE		#キュアー#
4022,22,10,35,1,0,0,0,0,0,0,0,0//AL_DP		#ディバインプロテクション#
4022,23,10,22,3,0,0,0,0,0,0,0,0//AL_DEMONBANE	#デーモンベイン#
4022,28,10,23,5,0,0,0,0,0,0,0,0//AL_HEAL		#ヒール#
4022,248,10,0,0,0,0,0,0,0,0,0,0//CR_TRUST			#フェイス#
4022,249,10,0,0,0,0,0,0,0,0,0,0//CR_AUTOGUARD		#オートガード#
4022,250,5,249,5,0,0,0,0,0,0,0,0//CR_SHIELDCHARGE		#シールドチャージ#
4022,251,5,250,3,0,0,0,0,0,0,0,0//CR_SHIELDBOOMERANG	#シールドブーメラン#
4022,252,10,251,3,0,0,0,0,0,0,0,0//CR_REFLECTSHIELD	#リフレクトシールド#
4022,253,10,248,7,0,0,0,0,0,0,0,0//CR_HOLYCROSS		#ホーリークロス#
4022,254,10,253,6,248,10,0,0,0,0,0,0//CR_GRANDCROSS	#グランドクロス#
4022,255,5,252,5,254,4,0,0,0,0,0,0//CR_DEVOTION		#ディボーション#
4022,256,5,22,5,28,5,0,0,0,0,0,0//CR_PROVIDENCE		#プロヴィデンス#
4022,257,5,251,1,0,0,0,0,0,0,0,0//CR_DEFENDER		#ディフェンダー#
4022,258,10,55,10,0,0,0,0,0,0,0,0//CR_SPEARQUICKEN	#スピアクイッケン#
4022,367,5,8,5,248,5,250,2,0,0,0,0//PA_PRESSURE
4022,368,5,8,5,248,5,255,3,0,0,0,0//PA_SACRIFICE
4022,369,10,248,8,22,3,23,5,0,0,0,0//PA_GOSPEL
// Baby "Novice"
4023,1,9,0,0,0,0,0,0,0,0,0,0//NV_BASIC		#基本スキル#
4023,142,1,0,0,0,0,0,0,0,0,0,0//NV_FIRSTAID	#応急手当#
4023,143,1,0,0,0,0,0,0,0,0,0,0//NV_TRICKDEAD	#死んだふり#
// Swordman
4024,1,9,0,0,0,0,0,0,0,0,0,0//NV_BASIC		#基本スキル#
4024,142,1,0,0,0,0,0,0,0,0,0,0//NV_FIRSTAID	#応急手当#
4024,2,10,0,0,0,0,0,0,0,0,0,0//SM_SWORD		#剣修練#
4024,3,10,2,1,0,0,0,0,0,0,0,0//SM_TWOHAND		#両手剣修練#
4024,4,10,0,0,0,0,0,0,0,0,0,0//SM_RECOVERY		#HP回復力向上#
4024,5,10,0,0,0,0,0,0,0,0,0,0//SM_BASH		#バッシュ#
4024,6,10,0,0,0,0,0,0,0,0,0,0//SM_PROVOKE		#プロボック#
4024,7,10,5,5,0,0,0,0,0,0,0,0//SM_MAGNUM		#マグナムブレイク#
4024,8,10,6,5,0,0,0,0,0,0,0,0//SM_ENDURE		#インデュア#
4024,144,1,0,0,0,0,0,0,0,0,0,0//SM_MOVINGRECOVERY	#移動時HP回復#
4024,145,1,0,0,0,0,0,0,0,0,0,0//SM_FATALBLOW	#急所攻撃#
4024,146,1,0,0,0,0,0,0,0,0,0,0//SM_AUTOBERSERK	#オートバーサーク#
// Magican
4025,1,9,0,0,0,0,0,0,0,0,0,0//NV_BASIC		#基本スキル#
4025,142,1,0,0,0,0,0,0,0,0,0,0//NV_FIRSTAID	#応急手当#
4025,9,10,0,0,0,0,0,0,0,0,0,0//MG_SRECOVERY	#SP回復力向上#
4025,10,1,0,0,0,0,0,0,0,0,0,0//MG_SIGHT		#サイト#
4025,11,10,0,0,0,0,0,0,0,0,0,0//MG_NAPALMBEAT	#ナパームビート#
4025,12,10,11,7,13,5,0,0,0,0,0,0//MG_SAFETYWALL	#セイフティウォール#
4025,13,10,11,4,0,0,0,0,0,0,0,0//MG_SOULSTRIKE	#ソウルストライク#
4025,14,10,0,0,0,0,0,0,0,0,0,0//MG_COLDBOLT	#コールドボルト#
4025,15,10,14,5,0,0,0,0,0,0,0,0//MG_FROSTDIVER	#フロストダイバー#
4025,16,10,0,0,0,0,0,0,0,0,0,0//MG_STONECURSE	#ストーンカース#
4025,17,10,19,4,0,0,0,0,0,0,0,0//MG_FIREBALL	#ファイアーボール#
4025,18,10,17,5,10,1,0,0,0,0,0,0//MG_FIREWALL	#ファイアーウォール#
4025,19,10,0,0,0,0,0,0,0,0,0,0//MG_FIREBOLT	#ファイアーボルト#
4025,20,10,0,0,0,0,0,0,0,0,0,0//MG_LIGHTNINGBOLT	#ライトニングボルト#
4025,21,10,20,4,0,0,0,0,0,0,0,0//MG_THUNDERSTORM	#サンダーストーム#
4025,157,1,0,0,0,0,0,0,0,0,0,0//MG_ENERGYCOAT	#エナジーコート#
// Archer
4026,1,9,0,0,0,0,0,0,0,0,0,0//NV_BASIC		#基本スキル#
4026,142,1,0,0,0,0,0,0,0,0,0,0//NV_FIRSTAID	#応急手当#
4026,43,10,0,0,0,0,0,0,0,0,0,0//AC_OWL		#ふくろうの目#
4026,44,10,43,3,0,0,0,0,0,0,0,0//AC_VULTURE	#ワシの目#
4026,45,10,44,1,0,0,0,0,0,0,0,0//AC_CONCENTRATION	#集中力向上#
4026,46,10,0,0,0,0,0,0,0,0,0,0//AC_DOUBLE		#ダブルストレイフィング#
4026,47,10,46,5,0,0,0,0,0,0,0,0//AC_SHOWER		#アローシャワー#
4026,147,1,0,0,0,0,0,0,0,0,0,0//AC_MAKINGARROW	#矢作成#
4026,148,1,0,0,0,0,0,0,0,0,0,0//AC_CHARGEARROW	#チャージアロー#
// Acolyte
4027,1,9,0,0,0,0,0,0,0,0,0,0//NV_BASIC		#基本スキル#
4027,142,1,0,0,0,0,0,0,0,0,0,0//NV_FIRSTAID	#応急手当#
4027,22,10,0,0,0,0,0,0,0,0,0,0//AL_DP		#ディバインプロテクション#
4027,23,10,22,3,0,0,0,0,0,0,0,0//AL_DEMONBANE	#デーモンベイン#
4027,24,1,0,0,0,0,0,0,0,0,0,0//AL_RUWACH		#ルアフ#
4027,25,1,27,4,0,0,0,0,0,0,0,0//AL_PNEUMA		#ニューマ#
4027,26,2,24,1,0,0,0,0,0,0,0,0//AL_TELEPORT	#テレポート#
4027,27,4,26,2,0,0,0,0,0,0,0,0//AL_WARP		#ワープポータル#
4027,28,10,0,0,0,0,0,0,0,0,0,0//AL_HEAL		#ヒール#
4027,29,10,28,3,0,0,0,0,0,0,0,0//AL_INCAGI		#速度増加#
4027,30,10,29,1,0,0,0,0,0,0,0,0//AL_DECAGI		#速度減少#
4027,31,1,0,0,0,0,0,0,0,0,0,0//AL_HOLYWATER	#アクアベネディクタ#
4027,32,10,23,3,0,0,0,0,0,0,0,0//AL_CRUCIS		#シグナムクルシス#
4027,33,10,22,3,0,0,0,0,0,0,0,0//AL_ANGELUS	#エンジェラス#
4027,34,10,22,5,0,0,0,0,0,0,0,0//AL_BLESSING	#ブレッシング#
4027,35,1,28,2,0,0,0,0,0,0,0,0//AL_CURE		#キュアー#
4027,156,1,0,0,0,0,0,0,0,0,0,0//AL_HOLYLIGHT	#ホーリーライト#
// Merchant
4028,1,9,0,0,0,0,0,0,0,0,0,0//NV_BASIC		#基本スキル#
4028,142,1,0,0,0,0,0,0,0,0,0,0//NV_FIRSTAID	#応急手当#
4028,36,10,0,0,0,0,0,0,0,0,0,0//MC_INCCARRY	#所持限界量増加#
4028,37,10,36,3,0,0,0,0,0,0,0,0//MC_DISCOUNT	#ディスカウント#
4028,38,10,37,3,0,0,0,0,0,0,0,0//MC_OVERCHARGE	#オーバーチャージ#
4028,39,10,36,5,0,0,0,0,0,0,0,0//MC_PUSHCART	#プッシュカート#
4028,40,1,0,0,0,0,0,0,0,0,0,0//MC_IDENTIFY		#アイテム鑑定#
4028,41,10,39,3,0,0,0,0,0,0,0,0//MC_VENDING	#露店開設#
4028,42,10,0,0,0,0,0,0,0,0,0,0//MC_MAMMONITE	#メマーナイト#
4028,153,1,0,0,0,0,0,0,0,0,0,0//MC_CARTREVOLUTION	#カートレボリューション#
4028,154,1,0,0,0,0,0,0,0,0,0,0//MC_CHANGECART	#チェンジカート#
4028,155,1,0,0,0,0,0,0,0,0,0,0//MC_LOUD		#ラウドボイス#
// Thief
4029,1,9,0,0,0,0,0,0,0,0,0,0//NV_BASIC		#基本スキル#
4029,142,1,0,0,0,0,0,0,0,0,0,0//NV_FIRSTAID	#応急手当#
4029,48,10,0,0,0,0,0,0,0,0,0,0//TF_DOUBLE		#ダブルアタック#
4029,49,10,0,0,0,0,0,0,0,0,0,0//TF_MISS		#回避率増加#
4029,50,10,0,0,0,0,0,0,0,0,0,0//TF_STEAL		#スティール#
4029,51,10,50,5,0,0,0,0,0,0,0,0//TF_HIDING		#ハイディング#
4029,52,10,0,0,0,0,0,0,0,0,0,0//TF_POISON		#インベナム#
4029,53,1,52,3,0,0,0,0,0,0,0,0//TF_DETOXIFY	#解毒#
4029,149,1,0,0,0,0,0,0,0,0,0,0//TF_SPRINKLESAND	#砂まき#
4029,150,1,0,0,0,0,0,0,0,0,0,0//TF_BACKSLIDING	#バックステップ#
4029,151,1,0,0,0,0,0,0,0,0,0,0//TF_PICKSTONE	#石拾い#
4029,152,1,0,0,0,0,0,0,0,0,0,0//TF_THROWSTONE	#石投げ#
// Knight
4030,1,9,0,0,0,0,0,0,0,0,0,0//NV_BASIC		#基本スキル#
4030,142,1,0,0,0,0,0,0,0,0,0,0//NV_FIRSTAID	#応急手当#
4030,2,10,0,0,0,0,0,0,0,0,0,0//SM_SWORD		#剣修練#
4030,3,10,2,1,0,0,0,0,0,0,0,0//SM_TWOHAND		#両手剣修練#
4030,4,10,0,0,0,0,0,0,0,0,0,0//SM_RECOVERY		#HP回復力向上#
4030,5,10,0,0,0,0,0,0,0,0,0,0//SM_BASH		#バッシュ#
4030,6,10,0,0,0,0,0,0,0,0,0,0//SM_PROVOKE		#プロボック#
4030,7,10,5,5,0,0,0,0,0,0,0,0//SM_MAGNUM		#マグナムブレイク#
4030,8,10,6,5,0,0,0,0,0,0,0,0//SM_ENDURE		#インデュア#
4030,144,1,0,0,0,0,0,0,0,0,0,0//SM_MOVINGRECOVERY	#移動時HP回復#
4030,145,1,0,0,0,0,0,0,0,0,0,0//SM_FATALBLOW	#急所攻撃#
4030,146,1,0,0,0,0,0,0,0,0,0,0//SM_AUTOBERSERK	#オートバーサーク#
4030,55,10,0,0,0,0,0,0,0,0,0,0//KN_SPEARMASTERY	#槍修練#
4030,56,10,55,1,0,0,0,0,0,0,0,0//KN_PIERCE		#ピアース#
4030,57,10,63,1,58,3,0,0,0,0,0,0//KN_BRANDISHSPEAR	#ブランディッシュスピア#
4030,58,10,56,5,0,0,0,0,0,0,0,0//KN_SPEARSTAB	#スピアスタブ#
4030,59,5,56,3,0,0,0,0,0,0,0,0//KN_SPEARBOOMERANG	#スピアブーメラン#
4030,60,10,3,1,0,0,0,0,0,0,0,0//KN_TWOHANDQUICKEN	#ツーハンドクイッケン#
4030,61,5,3,1,0,0,0,0,0,0,0,0//KN_AUTOCOUNTER	#オートカウンター#
4030,62,10,5,10,7,3,3,5,60,10,61,5//KN_BOWLINGBASH	#ボウリングバッシュ#
4030,63,1,8,1,0,0,0,0,0,0,0,0//KN_RIDING		#ライディング#
4030,64,5,63,1,0,0,0,0,0,0,0,0//KN_CAVALIERMASTERY#騎兵修練#
// Priest
4031,1,9,0,0,0,0,0,0,0,0,0,0//NV_BASIC		#基本スキル#
4031,142,1,0,0,0,0,0,0,0,0,0,0//NV_FIRSTAID	#応急手当#
4031,22,10,0,0,0,0,0,0,0,0,0,0//AL_DP		#ディバインプロテクション#
4031,23,10,22,3,0,0,0,0,0,0,0,0//AL_DEMONBANE	#デーモンベイン#
4031,24,1,0,0,0,0,0,0,0,0,0,0//AL_RUWACH		#ルアフ#
4031,25,1,27,4,0,0,0,0,0,0,0,0//AL_PNEUMA		#ニューマ#
4031,26,2,24,1,0,0,0,0,0,0,0,0//AL_TELEPORT	#テレポート#
4031,27,4,26,2,0,0,0,0,0,0,0,0//AL_WARP		#ワープポータル#
4031,28,10,0,0,0,0,0,0,0,0,0,0//AL_HEAL		#ヒール#
4031,29,10,28,3,0,0,0,0,0,0,0,0//AL_INCAGI		#速度増加#
4031,30,10,29,1,0,0,0,0,0,0,0,0//AL_DECAGI		#速度減少#
4031,31,1,0,0,0,0,0,0,0,0,0,0//AL_HOLYWATER	#アクアベネディクタ#
4031,32,10,23,3,0,0,0,0,0,0,0,0//AL_CRUCIS		#シグナムクルシス#
4031,33,10,22,3,0,0,0,0,0,0,0,0//AL_ANGELUS	#エンジェラス#
4031,34,10,22,5,0,0,0,0,0,0,0,0//AL_BLESSING	#ブレッシング#
4031,35,1,28,2,0,0,0,0,0,0,0,0//AL_CURE		#キュアー#
4031,156,1,0,0,0,0,0,0,0,0,0,0//AL_HOLYLIGHT	#ホーリーライト#
4031,9,10,0,0,0,0,0,0,0,0,0,0//MG_SRECOVERY	#SP回復力向上#
4031,12,10,68,4,70,3,0,0,0,0,0,0//MG_SAFETYWALL	#セイフティウォール#
4031,54,4,72,1,9,4,0,0,0,0,0,0//ALL_RESURRECTION	#リザレクション#
4031,65,10,0,0,0,0,0,0,0,0,0,0//PR_MACEMASTERY	#メイス修練#
4031,66,5,0,0,0,0,0,0,0,0,0,0//PR_IMPOSITIO	#イムポシティオマヌス#
4031,67,3,66,2,0,0,0,0,0,0,0,0//PR_SUFFRAGIUM	#サフラギウム#
4031,68,5,31,1,66,3,0,0,0,0,0,0//PR_ASPERSIO	#アスペルシオ#
4031,69,5,75,3,68,5,0,0,0,0,0,0//PR_BENEDICTIO	#聖体降福#
4031,70,10,28,1,0,0,0,0,0,0,0,0//PR_SANCTUARY	#サンクチュアリ#
4031,71,4,0,0,0,0,0,0,0,0,0,0//PR_SLOWPOISON	#スローポイズン#
4031,72,1,0,0,0,0,0,0,0,0,0,0//PR_STRECOVERY	#リカバリー#
4031,73,10,33,2,0,0,0,0,0,0,0,0//PR_KYRIE		#キリエエレイソン#
4031,74,5,0,0,0,0,0,0,0,0,0,0//PR_MAGNIFICAT	#マグニフィカート#
4031,75,5,73,4,74,3,0,0,0,0,0,0//PR_GLORIA		#グロリア#
4031,76,10,24,1,0,0,0,0,0,0,0,0//PR_LEXDIVINA	#レックスディビーナ#
4031,77,10,54,1,76,3,0,0,0,0,0,0//PR_TURNUNDEAD	#ターンアンデッド#
4031,78,1,76,5,0,0,0,0,0,0,0,0//PR_LEXAETERNA	#レックスエーテルナ#
4031,79,10,12,1,78,1,77,3,0,0,0,0//PR_MAGNUS	#マグヌスエクソシズム#
// Wizard
4032,1,9,0,0,0,0,0,0,0,0,0,0//NV_BASIC		#基本スキル#
4032,142,1,0,0,0,0,0,0,0,0,0,0//NV_FIRSTAID	#応急手当#
4032,9,10,0,0,0,0,0,0,0,0,0,0//MG_SRECOVERY	#SP回復力向上#
4032,10,1,0,0,0,0,0,0,0,0,0,0//MG_SIGHT		#サイト#
4032,11,10,0,0,0,0,0,0,0,0,0,0//MG_NAPALMBEAT	#ナパームビート#
4032,12,10,11,7,13,5,0,0,0,0,0,0//MG_SAFETYWALL	#セイフティウォール#
4032,13,10,11,4,0,0,0,0,0,0,0,0//MG_SOULSTRIKE	#ソウルストライク#
4032,14,10,0,0,0,0,0,0,0,0,0,0//MG_COLDBOLT	#コールドボルト#
4032,15,10,14,5,0,0,0,0,0,0,0,0//MG_FROSTDIVER	#フロストダイバー#
4032,16,10,0,0,0,0,0,0,0,0,0,0//MG_STONECURSE	#ストーンカース#
4032,17,10,19,4,0,0,0,0,0,0,0,0//MG_FIREBALL	#ファイアーボール#
4032,18,10,17,5,10,1,0,0,0,0,0,0//MG_FIREWALL	#ファイアーウォール#
4032,19,10,0,0,0,0,0,0,0,0,0,0//MG_FIREBOLT	#ファイアーボルト#
4032,20,10,0,0,0,0,0,0,0,0,0,0//MG_LIGHTNINGBOLT	#ライトニングボルト#
4032,21,10,20,4,0,0,0,0,0,0,0,0//MG_THUNDERSTORM	#サンダーストーム#
4032,157,1,0,0,0,0,0,0,0,0,0,0//MG_ENERGYCOAT	#エナジーコート#
4032,80,10,18,1,0,0,0,0,0,0,0,0//WZ_FIREPILLAR	#ファイアーピラー#
4032,81,10,20,1,10,1,0,0,0,0,0,0//WZ_SIGHTRASHER	#サイトラッシャー#
//4032,82,10,0,0,0,0,0,0,0,0,0,0//WZ_FIREIVY	#ファイアアイビー#
4032,83,10,81,2,0,0,0,0,0,0,0,0//WZ_METEOR		#メテオストーム#
4032,84,10,11,1,20,1,0,0,0,0,0,0//WZ_JUPITEL	#ユピテルサンダー#
4032,85,10,21,1,84,5,0,0,0,0,0,0//WZ_VERMILION	#ロードオブヴァーミリオン#
4032,86,5,14,1,20,1,0,0,0,0,0,0//WZ_WATERBALL	#ウォーターボール#
4032,87,10,16,1,15,1,0,0,0,0,0,0//WZ_ICEWALL	#アイスウォール#
4032,88,10,87,1,0,0,0,0,0,0,0,0//WZ_FROSTNOVA	#フロストノヴァ#
4032,89,10,15,1,84,3,0,0,0,0,0,0//WZ_STORMGUST	#ストームガスト#
4032,90,5,16,1,0,0,0,0,0,0,0,0//WZ_EARTHSPIKE	#アーススパイク#
4032,91,5,90,3,0,0,0,0,0,0,0,0//WZ_HEAVENDRIVE	#ヘヴンズドライブ#
4032,92,5,91,1,0,0,0,0,0,0,0,0//WZ_QUAGMIRE	#クァグマイア#
4032,93,1,0,0,0,0,0,0,0,0,0,0//WZ_ESTIMATION	#モンスター情報#
// Blacksmith
4033,1,9,0,0,0,0,0,0,0,0,0,0//NV_BASIC		#基本スキル#
4033,142,1,0,0,0,0,0,0,0,0,0,0//NV_FIRSTAID	#応急手当#
4033,36,10,0,0,0,0,0,0,0,0,0,0//MC_INCCARRY	#所持限界量増加#
4033,37,10,36,3,0,0,0,0,0,0,0,0//MC_DISCOUNT	#ディスカウント#
4033,38,10,37,3,0,0,0,0,0,0,0,0//MC_OVERCHARGE	#オーバーチャージ#
4033,39,10,36,5,0,0,0,0,0,0,0,0//MC_PUSHCART	#プッシュカート#
4033,40,1,0,0,0,0,0,0,0,0,0,0//MC_IDENTIFY	#アイテム鑑定#
4033,41,10,39,3,0,0,0,0,0,0,0,0//MC_VENDING	#露店開設#
4033,42,10,0,0,0,0,0,0,0,0,0,0//MC_MAMMONITE	#メマーナイト#
4033,153,1,0,0,0,0,0,0,0,0,0,0//MC_CARTREVOLUTION	#カートレボリューション#
4033,154,1,0,0,0,0,0,0,0,0,0,0//MC_CHANGECART	#チェンジカート#
4033,155,1,0,0,0,0,0,0,0,0,0,0//MC_LOUD		#ラウドボイス#
4033,94,5,0,0,0,0,0,0,0,0,0,0//BS_IRON		#鉄製造#
4033,95,5,94,1,0,0,0,0,0,0,0,0//BS_STEEL		#鋼鉄製造#
4033,96,5,94,1,0,0,0,0,0,0,0,0//BS_ENCHANTEDSTONE	#属性石製造#
4033,97,5,96,1,0,0,0,0,0,0,0,0//BS_ORIDEOCON	#オリデオコン研究#
4033,98,3,0,0,0,0,0,0,0,0,0,0//BS_DAGGER		#短剣製作#
4033,99,3,98,1,0,0,0,0,0,0,0,0//BS_SWORD		#剣製作#
4033,100,3,99,1,0,0,0,0,0,0,0,0//BS_TWOHANDSWORD	#両手剣製作#
4033,101,3,99,2,0,0,0,0,0,0,0,0//BS_AXE		#斧製作#
4033,102,3,103,1,0,0,0,0,0,0,0,0//BS_MACE		#メイス製作#
4033,103,3,98,1,0,0,0,0,0,0,0,0//BS_KNUCKLE	#ナックル製作#
4033,104,3,98,2,0,0,0,0,0,0,0,0//BS_SPEAR		#槍製作#
4033,105,1,0,0,0,0,0,0,0,0,0,0//BS_HILTBINDING	#ヒルトバイディング#
4033,106,1,95,1,105,1,0,0,0,0,0,0//BS_FINDINGORE	#鉱石発見#
4033,107,10,105,1,0,0,0,0,0,0,0,0//BS_WEAPONRESEARCH#武器研究#
4033,108,1,107,1,0,0,0,0,0,0,0,0//BS_REPAIRWEAPON	#武器修理#
4033,109,5,0,0,0,0,0,0,0,0,0,0//BS_SKINTEMPER	#スキンテンパリング#
4033,110,5,0,0,0,0,0,0,0,0,0,0//BS_HAMMERFALL	#ハンマーフォール#
4033,111,5,110,2,0,0,0,0,0,0,0,0//BS_ADRENALINE	#アドレナリンラッシュ#
4033,112,5,107,2,111,2,0,0,0,0,0,0//BS_WEAPONPERFECT#ウエポンパーフェクション#
4033,113,5,111,3,0,0,0,0,0,0,0,0//BS_OVERTHRUST	#オーバートラスト#
4033,114,5,112,3,113,2,0,0,0,0,0,0//BS_MAXIMIZE	#マキシマイズパワー#
// Hunter
4034,1,9,0,0,0,0,0,0,0,0,0,0//NV_BASIC		#基本スキル#
4034,142,1,0,0,0,0,0,0,0,0,0,0//NV_FIRSTAID	#応急手当#
4034,43,10,0,0,0,0,0,0,0,0,0,0//AC_OWL		#ふくろうの目#
4034,44,10,43,3,0,0,0,0,0,0,0,0//AC_VULTURE	#ワシの目#
4034,45,10,44,1,0,0,0,0,0,0,0,0//AC_CONCENTRATION	#集中力向上#
4034,46,10,0,0,0,0,0,0,0,0,0,0//AC_DOUBLE		#ダブルストレイフィング#
4034,47,10,46,5,0,0,0,0,0,0,0,0//AC_SHOWER	#アローシャワー#
4034,147,1,0,0,0,0,0,0,0,0,0,0//AC_MAKINGARROW	#矢作成#
4034,148,1,0,0,0,0,0,0,0,0,0,0//AC_CHARGEARROW	#チャージアロー#
4034,115,5,0,0,0,0,0,0,0,0,0,0//HT_SKIDTRAP	#スキッドトラップ#
4034,116,5,0,0,0,0,0,0,0,0,0,0//HT_LANDMINE	#ランドマイン#
4034,117,5,115,1,0,0,0,0,0,0,0,0//HT_ANKLESNARE	#アンクルスネア#
4034,118,5,117,1,0,0,0,0,0,0,0,0//HT_SHOCKWAVE	#ショックウェーブトラップ#
4034,119,5,120,1,0,0,0,0,0,0,0,0//HT_SANDMAN	#サンドマン#
4034,120,5,115,1,0,0,0,0,0,0,0,0//HT_FLASHER	#フラッシャー#
4034,121,5,120,1,0,0,0,0,0,0,0,0//HT_FREEZINGTRAP	#フリージングトラップ#
4034,122,5,116,1,119,1,121,1,0,0,0,0//HT_BLASTMINE#ブラストマイン#
4034,123,5,118,1,122,1,0,0,0,0,0,0//HT_CLAYMORETRAP#クレイモアートラップ#
4034,124,1,116,1,0,0,0,0,0,0,0,0//HT_REMOVETRAP	#リムーブトラップ#
4034,125,1,118,1,124,1,0,0,0,0,0,0//HT_TALKIEBOX	#トーキーボックス#
4034,126,10,0,0,0,0,0,0,0,0,0,0//HT_BEASTBANE	#ビーストベイン#
4034,127,1,126,1,0,0,0,0,0,0,0,0//HT_FALCON	#ファルコンマスタリー#
4034,128,10,129,5,0,0,0,0,0,0,0,0//HT_STEELCROW	#スチールクロウ#
4034,129,5,127,1,0,0,0,0,0,0,0,0//HT_BLITZBEAT	#ブリッツビート#
4034,130,4,45,1,127,1,0,0,0,0,0,0//HT_DETECTING	#ディテクティング#
4034,131,5,124,1,127,1,0,0,0,0,0,0//HT_SPRINGTRAP	#スプリングトラップ#
// Assassin
4035,1,9,0,0,0,0,0,0,0,0,0,0//NV_BASIC		#基本スキル#
4035,142,1,0,0,0,0,0,0,0,0,0,0//NV_FIRSTAID	#応急手当#
4035,48,10,0,0,0,0,0,0,0,0,0,0//TF_DOUBLE		#ダブルアタック#
4035,49,10,0,0,0,0,0,0,0,0,0,0//TF_MISS		#回避率増加#
4035,50,10,0,0,0,0,0,0,0,0,0,0//TF_STEAL		#スティール#
4035,51,10,50,5,0,0,0,0,0,0,0,0//TF_HIDING	#ハイディング#
4035,52,10,0,0,0,0,0,0,0,0,0,0//TF_POISON		#インベナム#
4035,53,1,52,3,0,0,0,0,0,0,0,0//TF_DETOXIFY	#解毒#
4035,149,1,0,0,0,0,0,0,0,0,0,0//TF_SPRINKLESAND	#砂まき#
4035,150,1,0,0,0,0,0,0,0,0,0,0//TF_BACKSLIDING	#バックステップ#
4035,151,1,0,0,0,0,0,0,0,0,0,0//TF_PICKSTONE	#石拾い#
4035,152,1,0,0,0,0,0,0,0,0,0,0//TF_THROWSTONE	#石投げ#
4035,132,5,0,0,0,0,0,0,0,0,0,0//AS_RIGHT		#右手修練#
4035,133,5,132,2,0,0,0,0,0,0,0,0//AS_LEFT		#左手修練#
4035,134,10,0,0,0,0,0,0,0,0,0,0//AS_KATAR		#カタール修練#
4035,135,10,51,2,0,0,0,0,0,0,0,0//AS_CLOAKING	#クローキング#
4035,136,10,134,4,0,0,0,0,0,0,0,0//AS_SONICBLOW	#ソニックブロー#
4035,137,5,135,2,136,5,0,0,0,0,0,0//AS_GRIMTOOTH	#グリムトゥース#
4035,138,10,52,1,0,0,0,0,0,0,0,0//AS_ENCHANTPOISON#エンチャントポイズン#
4035,139,10,138,3,0,0,0,0,0,0,0,0//AS_POISONREACT	#ポイズンリアクト#
4035,140,10,138,5,0,0,0,0,0,0,0,0//AS_VENOMDUST	#ベナムダスト#
4035,141,10,139,5,140,5,0,0,0,0,0,0//AS_SPLASHER	#ベナムスプラッシャー#
//Peco Knight
// Knight
4036,1,9,0,0,0,0,0,0,0,0,0,0//NV_BASIC		#基本スキル#
4036,142,1,0,0,0,0,0,0,0,0,0,0//NV_FIRSTAID	#応急手当#
4036,2,10,0,0,0,0,0,0,0,0,0,0//SM_SWORD		#剣修練#
4036,3,10,2,1,0,0,0,0,0,0,0,0//SM_TWOHAND		#両手剣修練#
4036,4,10,0,0,0,0,0,0,0,0,0,0//SM_RECOVERY		#HP回復力向上#
4036,5,10,0,0,0,0,0,0,0,0,0,0//SM_BASH		#バッシュ#
4036,6,10,0,0,0,0,0,0,0,0,0,0//SM_PROVOKE		#プロボック#
4036,7,10,5,5,0,0,0,0,0,0,0,0//SM_MAGNUM		#マグナムブレイク#
4036,8,10,6,5,0,0,0,0,0,0,0,0//SM_ENDURE		#インデュア#
4036,144,1,0,0,0,0,0,0,0,0,0,0//SM_MOVINGRECOVERY	#移動時HP回復#
4036,145,1,0,0,0,0,0,0,0,0,0,0//SM_FATALBLOW	#急所攻撃#
4036,146,1,0,0,0,0,0,0,0,0,0,0//SM_AUTOBERSERK	#オートバーサーク#
4036,55,10,0,0,0,0,0,0,0,0,0,0//KN_SPEARMASTERY	#槍修練#
4036,56,10,55,1,0,0,0,0,0,0,0,0//KN_PIERCE		#ピアース#
4036,57,10,63,1,58,3,0,0,0,0,0,0//KN_BRANDISHSPEAR	#ブランディッシュスピア#
4036,58,10,56,5,0,0,0,0,0,0,0,0//KN_SPEARSTAB	#スピアスタブ#
4036,59,5,56,3,0,0,0,0,0,0,0,0//KN_SPEARBOOMERANG	#スピアブーメラン#
4036,60,10,3,1,0,0,0,0,0,0,0,0//KN_TWOHANDQUICKEN	#ツーハンドクイッケン#
4036,61,5,3,1,0,0,0,0,0,0,0,0//KN_AUTOCOUNTER	#オートカウンター#
4036,62,10,5,10,7,3,3,5,60,10,61,5//KN_BOWLINGBASH	#ボウリングバッシュ#
4036,63,1,8,1,0,0,0,0,0,0,0,0//KN_RIDING		#ライディング#
4036,64,5,63,1,0,0,0,0,0,0,0,0//KN_CAVALIERMASTERY#騎兵修練#
// Crusader
4037,1,9,0,0,0,0,0,0,0,0,0,0//NV_BASIC		#基本スキル#
4037,142,1,0,0,0,0,0,0,0,0,0,0//NV_FIRSTAID	#応急手当#
4037,2,10,0,0,0,0,0,0,0,0,0,0//SM_SWORD		#剣修練#
4037,3,10,2,1,0,0,0,0,0,0,0,0//SM_TWOHAND		#両手剣修練#
4037,4,10,0,0,0,0,0,0,0,0,0,0//SM_RECOVERY	#HP回復力向上#
4037,5,10,0,0,0,0,0,0,0,0,0,0//SM_BASH		#バッシュ#
4037,6,10,0,0,0,0,0,0,0,0,0,0//SM_PROVOKE		#プロボック#
4037,7,10,5,5,0,0,0,0,0,0,0,0//SM_MAGNUM		#マグナムブレイク#
4037,8,10,6,5,0,0,0,0,0,0,0,0//SM_ENDURE		#インデュア#
4037,144,1,0,0,0,0,0,0,0,0,0,0//SM_MOVINGRECOVERY	#移動時HP回復#
4037,145,1,0,0,0,0,0,0,0,0,0,0//SM_FATALBLOW	#急所攻撃#
4037,146,1,0,0,0,0,0,0,0,0,0,0//SM_AUTOBERSERK	#オートバーサーク#
4037,63,1,8,1,0,0,0,0,0,0,0,0//KN_RIDING		#ライディング#
4037,64,5,63,1,0,0,0,0,0,0,0,0//KN_CAVALIERMASTERY#騎兵修練#
4037,55,10,0,0,0,0,0,0,0,0,0,0//KN_SPEARMASTERY	#槍修練#
4037,35,1,248,5,0,0,0,0,0,0,0,0//AL_CURE		#キュアー#
4037,22,10,35,1,0,0,0,0,0,0,0,0//AL_DP		#ディバインプロテクション#
4037,23,10,22,3,0,0,0,0,0,0,0,0//AL_DEMONBANE	#デーモンベイン#
4037,28,10,23,5,248,10,0,0,0,0,0,0//AL_HEAL		#ヒール#
4037,248,10,0,0,0,0,0,0,0,0,0,0//CR_TRUST			#フェイス#
4037,249,10,0,0,0,0,0,0,0,0,0,0//CR_AUTOGUARD		#オートガード#
4037,250,5,249,5,0,0,0,0,0,0,0,0//CR_SHIELDCHARGE		#シールドチャージ#
4037,251,5,250,3,0,0,0,0,0,0,0,0//CR_SHIELDBOOMERANG	#シールドブーメラン#
4037,252,10,251,3,0,0,0,0,0,0,0,0//CR_REFLECTSHIELD	#リフレクトシールド#
4037,253,10,248,7,0,0,0,0,0,0,0,0//CR_HOLYCROSS		#ホーリークロス#
4037,254,10,253,6,248,10,0,0,0,0,0,0//CR_GRANDCROSS	#グランドクロス#
4037,255,5,252,5,254,4,0,0,0,0,0,0//CR_DEVOTION		#ディボーション#
4037,256,5,22,5,28,5,0,0,0,0,0,0//CR_PROVIDENCE		#プロヴィデンス#
4037,257,5,251,1,0,0,0,0,0,0,0,0//CR_DEFENDER		#ディフェンダー#
4037,258,10,55,10,0,0,0,0,0,0,0,0//CR_SPEARQUICKEN	#スピアクイッケン#
// Monk
4038,1,9,0,0,0,0,0,0,0,0,0,0//NV_BASIC		#基本スキル#
4038,142,1,0,0,0,0,0,0,0,0,0,0//NV_FIRSTAID	#応急手当#
4038,22,10,0,0,0,0,0,0,0,0,0,0//AL_DP		#ディバインプロテクション#
4038,23,10,22,3,0,0,0,0,0,0,0,0//AL_DEMONBANE	#デーモンベイン#
4038,24,1,0,0,0,0,0,0,0,0,0,0//AL_RUWACH		#ルアフ#
4038,25,1,27,4,0,0,0,0,0,0,0,0//AL_PNEUMA		#ニューマ#
4038,26,2,24,1,0,0,0,0,0,0,0,0//AL_TELEPORT	#テレポート#
4038,27,4,26,2,0,0,0,0,0,0,0,0//AL_WARP		#ワープポータル#
4038,28,10,0,0,0,0,0,0,0,0,0,0//AL_HEAL		#ヒール#
4038,29,10,28,3,0,0,0,0,0,0,0,0//AL_INCAGI	#速度増加#
4038,30,10,29,1,0,0,0,0,0,0,0,0//AL_DECAGI	#速度減少#
4038,31,1,0,0,0,0,0,0,0,0,0,0//AL_HOLYWATER	#アクアベネディクタ#
4038,32,10,23,3,0,0,0,0,0,0,0,0//AL_CRUCIS	#シグナムクルシス#
4038,33,10,22,3,0,0,0,0,0,0,0,0//AL_ANGELUS	#エンジェラス#
4038,34,10,22,5,0,0,0,0,0,0,0,0//AL_BLESSING	#ブレッシング#
4038,35,1,28,2,0,0,0,0,0,0,0,0//AL_CURE		#キュアー#
4038,156,1,0,0,0,0,0,0,0,0,0,0//AL_HOLYLIGHT	#ホーリーライト#
4038,259,10,23,10,22,10,0,0,0,0,0,0//MO_IRONHAND		#鉄拳#
4038,260,5,269,2,0,0,0,0,0,0,0,0//MO_SPIRITSRECOVERY	#息吹#
4038,261,5,259,2,0,0,0,0,0,0,0,0//MO_CALLSPIRITS		#気功#
4038,262,1,261,5,0,0,0,0,0,0,0,0//MO_ABSORBSPIRITS	#気奪#
4038,263,10,265,5,0,0,0,0,0,0,0,0//MO_TRIPLEATTACK	#三段掌#
4038,264,1,271,3,260,2,268,3,0,0,0,0//MO_BODYRELOCATION	#残影#
4038,265,10,259,5,261,5,0,0,0,0,0,0//MO_DODGE		#見切り#
4038,266,5,261,5,0,0,0,0,0,0,0,0//MO_INVESTIGATE		#発勁#
4038,267,5,266,3,0,0,0,0,0,0,0,0//MO_FINGEROFFENSIVE	#指弾#
4038,268,5,273,3,0,0,0,0,0,0,0,0//MO_STEELBODY		#金剛#
4038,269,5,265,5,0,0,0,0,0,0,0,0//MO_BLADESTOP		#白刃取り#
4038,270,5,262,1,0,0,0,0,0,0,0,0//MO_EXPLOSIONSPIRITS	#爆裂波動#
4038,271,5,270,3,267,3,0,0,0,0,0,0//MO_EXTREMITYFIST	#阿修羅覇鳳拳#
4038,272,5,263,5,0,0,0,0,0,0,0,0//MO_CHAINCOMBO		#連打掌#
4038,273,5,272,3,0,0,0,0,0,0,0,0//MO_COMBOFINISH		#猛竜拳#
// Sage
4039,1,9,0,0,0,0,0,0,0,0,0,0//NV_BASIC		#基本スキル#
4039,142,1,0,0,0,0,0,0,0,0,0,0//NV_FIRSTAID	#応急手当#
4039,9,10,0,0,0,0,0,0,0,0,0,0//MG_SRECOVERY	#SP回復力向上#
4039,10,1,0,0,0,0,0,0,0,0,0,0//MG_SIGHT		#サイト#
4039,11,10,0,0,0,0,0,0,0,0,0,0//MG_NAPALMBEAT	#ナパームビート#
4039,12,10,11,7,13,5,0,0,0,0,0,0//MG_SAFETYWALL	#セイフティウォール#
4039,13,10,11,4,0,0,0,0,0,0,0,0//MG_SOULSTRIKE	#ソウルストライク#
4039,14,10,0,0,0,0,0,0,0,0,0,0//MG_COLDBOLT	#コールドボルト#
4039,15,10,14,5,0,0,0,0,0,0,0,0//MG_FROSTDIVER	#フロストダイバー#
4039,16,10,0,0,0,0,0,0,0,0,0,0//MG_STONECURSE	#ストーンカース#
4039,17,10,19,4,0,0,0,0,0,0,0,0//MG_FIREBALL	#ファイアーボール#
4039,18,10,17,5,10,1,0,0,0,0,0,0//MG_FIREWALL	#ファイアーウォール#
4039,19,10,0,0,0,0,0,0,0,0,0,0//MG_FIREBOLT	#ファイアーボルト#
4039,20,10,0,0,0,0,0,0,0,0,0,0//MG_LIGHTNINGBOLT	#ライトニングボルト#
4039,21,10,20,4,0,0,0,0,0,0,0,0//MG_THUNDERSTORM	#サンダーストーム#
4039,157,1,0,0,0,0,0,0,0,0,0,0//MG_ENERGYCOAT	#エナジーコート#
4039,93,1,0,0,0,0,0,0,0,0,0,0//WZ_ESTIMATION	#モンスター情報#
4039,90,5,283,1,0,0,0,0,0,0,0,0//WZ_EARTHSPIKE	#アーススパイク#
4039,91,5,90,1,0,0,0,0,0,0,0,0//WZ_HEAVENDRIVE	#ヘヴンズドライブ#
4039,274,10,0,0,0,0,0,0,0,0,0,0//SA_ADVANCEDBOOK		#アドバンスドブック#
4039,275,5,274,2,0,0,0,0,0,0,0,0//SA_CASTCANCEL		#キャストキャンセル#
4039,276,5,274,4,0,0,0,0,0,0,0,0//SA_MAGICROD		#マジックロッド#
4039,277,5,276,1,0,0,0,0,0,0,0,0//SA_SPELLBREAKER		#スペルブレーカー#
4039,278,10,275,1,0,0,0,0,0,0,0,0//SA_FREECAST		#フリーキャスト#
4039,279,10,278,4,0,0,0,0,0,0,0,0//SA_AUTOSPELL		#オートスペル#
4039,280,5,19,1,274,5,0,0,0,0,0,0//SA_FLAMELAUNCHER	#フレイムランチャー#
4039,281,5,14,1,274,5,0,0,0,0,0,0//SA_FROSTWEAPON		#フロストウェポン#
4039,282,5,20,1,274,5,0,0,0,0,0,0//SA_LIGHTNINGLOADER	#ライトニングローダー#
4039,283,5,16,1,274,5,0,0,0,0,0,0//SA_SEISMICWEAPON	#サイズミックウェポン#
4039,284,5,274,9,0,0,0,0,0,0,0,0//SA_DRAGONOLOGY		#ドラゴノロジー#
4039,285,5,280,2,0,0,0,0,0,0,0,0//SA_VOLCANO		#ボルケーノ#
4039,286,5,281,2,0,0,0,0,0,0,0,0//SA_DELUGE		#デリュージ#
4039,287,5,282,2,0,0,0,0,0,0,0,0//SA_VIOLENTGALE		#バイオレントゲイル#
4039,288,5,285,3,286,3,287,3,0,0,0,0//SA_LANDPROTECTOR	#ランドプロテクター#
4039,289,5,277,3,0,0,0,0,0,0,0,0//SA_DISPELL		#ディスペル#
4039,290,10,279,5,289,1,288,1,0,0,0,0//SA_ABRACADABRA	#アブラカタブラ#
// Rogue
4040,1,9,0,0,0,0,0,0,0,0,0,0//NV_BASIC		#基本スキル#
4040,142,1,0,0,0,0,0,0,0,0,0,0//NV_FIRSTAID	#応急手当#
4040,48,10,0,0,0,0,0,0,0,0,0,0//TF_DOUBLE		#ダブルアタック#
4040,49,10,0,0,0,0,0,0,0,0,0,0//TF_MISS		#回避率増加#
4040,50,10,0,0,0,0,0,0,0,0,0,0//TF_STEAL		#スティール#
4040,51,10,50,5,0,0,0,0,0,0,0,0//TF_HIDING	#ハイディング#
4040,52,10,0,0,0,0,0,0,0,0,0,0//TF_POISON		#インベナム#
4040,53,1,52,3,0,0,0,0,0,0,0,0//TF_DETOXIFY	#解毒#
4040,149,1,0,0,0,0,0,0,0,0,0,0//TF_SPRINKLESAND	#砂まき#
4040,150,1,0,0,0,0,0,0,0,0,0,0//TF_BACKSLIDING	#バックステップ#
4040,151,1,0,0,0,0,0,0,0,0,0,0//TF_PICKSTONE	#石拾い#
4040,152,1,0,0,0,0,0,0,0,0,0,0//TF_THROWSTONE	#石投げ#
4040,2,10,0,0,0,0,0,0,0,0,0,0//SM_SWORD		#剣修練#
4040,44,10,0,0,0,0,0,0,0,0,0,0//AC_VULTURE	#ワシの目#
4040,46,10,44,10,0,0,0,0,0,0,0,0//AC_DOUBLE	#ダブルストレイフィング#
4040,124,1,46,5,0,0,0,0,0,0,0,0//HT_REMOVETRAP	#リムーブトラップ#
4040,210,10,50,1,0,0,0,0,0,0,0,0//RG_SNATCHER	#スナッチャー#
4040,211,10,210,4,0,0,0,0,0,0,0,0//RG_STEALCOIN	#スティールコイン#
4040,212,10,211,4,0,0,0,0,0,0,0,0//RG_BACKSTAP	#バックスタブ#
4040,213,5,51,1,0,0,0,0,0,0,0,0//RG_TUNNELDRIVE	#トンネルドライブ#
4040,214,5,212,2,213,2,0,0,0,0,0,0//RG_RAID	#サプライズアタック#
4040,215,5,217,5,0,0,0,0,0,0,0,0//RG_STRIPWEAPON	#ストリップウエポン#
4040,216,5,218,5,0,0,0,0,0,0,0,0//RG_STRIPSHIELD	#ストリップシールド#
4040,217,5,216,5,0,0,0,0,0,0,0,0//RG_STRIPARMOR	#ストリップアーマー#
4040,218,5,211,2,0,0,0,0,0,0,0,0//RG_STRIPHELM	#ストリップヘルム#
4040,219,5,212,4,214,5,0,0,0,0,0,0//RG_INTIMIDATE#インティミデイト#
4040,220,1,221,5,0,0,0,0,0,0,0,0//RG_GRAFFITI	#グラフィティ#
4040,221,5,222,1,0,0,0,0,0,0,0,0//RG_FLAGGRAFFITI	#フラッググラフィティ#
4040,222,1,223,1,0,0,0,0,0,0,0,0//RG_CLEANER	#クリーナー#
4040,223,1,216,3,0,0,0,0,0,0,0,0//RG_GANGSTER	#ギャングスターパラダイス#
4040,224,5,223,1,0,0,0,0,0,0,0,0//RG_COMPULSION	#コムパルションディスカウント#
4040,225,10,219,5,0,0,0,0,0,0,0,0//RG_PLAGIARISM	#クローンスキル#
// Alchemist
4041,1,9,0,0,0,0,0,0,0,0,0,0//NV_BASIC		#基本スキル#
4041,142,1,0,0,0,0,0,0,0,0,0,0//NV_FIRSTAID	#応急手当#
4041,36,10,0,0,0,0,0,0,0,0,0,0//MC_INCCARRY	#所持限界量増加#
4041,37,10,36,3,0,0,0,0,0,0,0,0//MC_DISCOUNT	#ディスカウント#
4041,38,10,37,3,0,0,0,0,0,0,0,0//MC_OVERCHARGE	#オーバーチャージ#
4041,39,10,36,5,0,0,0,0,0,0,0,0//MC_PUSHCART	#プッシュカート#
4041,40,1,0,0,0,0,0,0,0,0,0,0//MC_IDENTIFY	#アイテム鑑定#
4041,41,10,39,3,0,0,0,0,0,0,0,0//MC_VENDING	#露店開設#
4041,42,10,0,0,0,0,0,0,0,0,0,0//MC_MAMMONITE	#メマーナイト#
4041,153,1,0,0,0,0,0,0,0,0,0,0//MC_CARTREVOLUTION	#カートレボリューション#
4041,154,1,0,0,0,0,0,0,0,0,0,0//MC_CHANGECART	#チェンジカート#
4041,155,1,0,0,0,0,0,0,0,0,0,0//MC_LOUD		#ラウドボイス#
4041,2,10,0,0,0,0,0,0,0,0,0,0//SM_SWORD		#剣修練#
4041,226,10,0,0,0,0,0,0,0,0,0,0//AM_AXEMASTERY	#斧修練#
4041,227,10,0,0,0,0,0,0,0,0,0,0//AM_LERNINGPOTION	#ラーニングポーション#
4041,228,10,227,5,0,0,0,0,0,0,0,0//AM_PHARMACY	#ファーマシー#
4041,229,5,228,4,0,0,0,0,0,0,0,0//AM_DEMONSTRATION#デモンストレーション#
4041,230,5,228,5,0,0,0,0,0,0,0,0//AM_ACIDTERROR	#アシッドテラー#
4041,231,5,228,3,0,0,0,0,0,0,0,0//AM_POTIONPITCHER#ポーションピッチャー#
4041,232,5,228,6,0,0,0,0,0,0,0,0//AM_CANNIBALIZE	#バイオプラント#
4041,233,5,228,2,0,0,0,0,0,0,0,0//AM_SPHEREMINE	#スフィアーマイン#
4041,234,5,236,3,0,0,0,0,0,0,0,0//AM_CP_WEAPON	#ケミカルウェポンチャージ#
4041,235,5,237,3,0,0,0,0,0,0,0,0//AM_CP_SHIELD	#ケミカルシールドチャージ#
4041,236,5,235,3,0,0,0,0,0,0,0,0//AM_CP_ARMOR	#ケミカルアーマーチャージ#
4041,237,5,228,2,0,0,0,0,0,0,0,0//AM_CP_HELM	#ケミカルヘルムチャージ#
// 韓国でも未実装なので以下のツリーコメントアウト
//4041,238,1,0,0,0,0,0,0,0,0,0,0//AM_BIOETHICS		#生命倫理#
//4041,239,10,238,1,0,0,0,0,0,0,0,0//AM_BIOTECHNOLOGY	#生命工学研究#
//4041,240,5,239,7,0,0,0,0,0,0,0,0//AM_CREATECREATURE	#被造物創造#
//4041,241,5,242,3,240,3,0,0,0,0,0,0//AM_CULTIVATION	#カルトベイション#
//4041,242,5,239,3,0,0,0,0,0,0,0,0//AM_FLAMECONTROL	#フレームコントロール#
//4041,243,1,244,1,0,0,0,0,0,0,0,0//AM_CALLHOMUN		#コールホムンクルス#
//4041,244,1,239,5,0,0,0,0,0,0,0,0//AM_REST		#安息#
//4041,245,10,246,3,0,0,0,0,0,0,0,0//AM_DRILLMASTER	#ドリルマスター#
//4041,246,10,241,5,0,0,0,0,0,0,0,0//AM_HEALHOMUN		#ヒールホムンクルス#
//4041,247,10,246,5,0,0,0,0,0,0,0,0//AM_RESURRECTHOMUN	#リザレクションホムンクルス#
// Bard
4042,1,9,0,0,0,0,0,0,0,0,0,0//NV_BASIC		#基本スキル#
4042,142,1,0,0,0,0,0,0,0,0,0,0//NV_FIRSTAID	#応急手当#
4042,43,10,0,0,0,0,0,0,0,0,0,0//AC_OWL		#ふくろうの目#
4042,44,10,43,3,0,0,0,0,0,0,0,0//AC_VULTURE	#ワシの目#
4042,45,10,44,1,0,0,0,0,0,0,0,0//AC_CONCENTRATION	#集中力向上#
4042,46,10,0,0,0,0,0,0,0,0,0,0//AC_DOUBLE		#ダブルストレイフィング#
4042,47,10,46,5,0,0,0,0,0,0,0,0//AC_SHOWER	#アローシャワー#
4042,147,1,0,0,0,0,0,0,0,0,0,0//AC_MAKINGARROW	#矢作成#
4042,148,1,0,0,0,0,0,0,0,0,0,0//AC_CHARGEARROW	#チャージアロー#
4042,315,10,0,0,0,0,0,0,0,0,0,0//BA_MUSICALLESSON		#楽器の練習#
4042,316,5,315,3,0,0,0,0,0,0,0,0//BA_MUSICALSTRIKE	#ミュージカルストライク#
4042,317,5,315,1,304,1,0,0,0,0,0,0//BA_DISSONANCE		#不協和音#
4042,318,5,305,1,0,0,0,0,0,0,0,0//BA_FROSTJOKE		#寒いジョーク#
4042,319,10,317,3,0,0,0,0,0,0,0,0//BA_WHISTLE		#口笛#
4042,320,10,317,3,0,0,0,0,0,0,0,0//BA_ASSASSINCROSS	#夕陽のアサシンクロス#
4042,321,10,317,3,0,0,0,0,0,0,0,0//BA_POEMBRAGI		#ブラギの詩#
4042,322,10,317,3,0,0,0,0,0,0,0,0//BA_APPLEIDUN		#イドゥンの林檎#
4042,304,1,0,0,0,0,0,0,0,0,0,0//BD_ADAPTATION		#アドリブ
4042,305,1,304,1,0,0,0,0,0,0,0,0//BD_ENCORE		#アンコール#
4042,306,1,319,10,0,0,0,0,0,0,0,0//BD_LULLABY		#子守歌#
4042,307,5,313,3,0,0,0,0,0,0,0,0//BD_RICHMANKIM		#ニヨルドの宴#
4042,308,1,311,1,0,0,0,0,0,0,0,0//BD_ETERNALCHAOS		#永遠の混沌#
4042,309,5,322,10,0,0,0,0,0,0,0,0//BD_DRUMBATTLEFIELD	#戦太鼓の響き#
4042,310,5,309,3,0,0,0,0,0,0,0,0//BD_RINGNIBELUNGEN	#ニーベルングの指輸#
4042,311,1,320,10,0,0,0,0,0,0,0,0//BD_ROKISWEIL		#ロキの叫び#
4042,312,1,306,1,0,0,0,0,0,0,0,0//BD_INTOABYSS		#深淵の中に#
4042,313,5,321,10,0,0,0,0,0,0,0,0//BD_SIEGFRIED		#不死身のジークフリード#
4042,314,1,312,1,308,1,0,0,0,0,0,0//BD_RAGNAROK		#ラグナロク#
// Dancer
4043,1,9,0,0,0,0,0,0,0,0,0,0//NV_BASIC		#基本スキル#
4043,142,1,0,0,0,0,0,0,0,0,0,0//NV_FIRSTAID	#応急手当#
4043,43,10,0,0,0,0,0,0,0,0,0,0//AC_OWL		#ふくろうの目#
4043,44,10,43,3,0,0,0,0,0,0,0,0//AC_VULTURE	#ワシの目#
4043,45,10,44,1,0,0,0,0,0,0,0,0//AC_CONCENTRATION	#集中力向上#
4043,46,10,0,0,0,0,0,0,0,0,0,0//AC_DOUBLE		#ダブルストレイフィング#
4043,47,10,46,5,0,0,0,0,0,0,0,0//AC_SHOWER	#アローシャワー#
4043,147,1,0,0,0,0,0,0,0,0,0,0//AC_MAKINGARROW	#矢作成#
4043,148,1,0,0,0,0,0,0,0,0,0,0//AC_CHARGEARROW	#チャージアロー#
4043,323,10,0,0,0,0,0,0,0,0,0,0//DC_DANCINGLESSON		#ダンスの練習#
4043,324,5,323,3,0,0,0,0,0,0,0,0//DC_THROWARROW		#矢撃ち#
4043,325,5,323,1,304,1,0,0,0,0,0,0//DC_UGLYDANCE		#自分勝手なダンス#
4043,326,5,305,1,0,0,0,0,0,0,0,0//DC_SCREAM		#スクリーム#
4043,327,10,325,3,0,0,0,0,0,0,0,0//DC_HUMMING		#ハミング#
4043,328,10,325,3,0,0,0,0,0,0,0,0//DC_DONTFORGETME	#私を忘れないで…#
4043,329,10,325,3,0,0,0,0,0,0,0,0//DC_FORTUNEKISS		#幸運のキス#
4043,330,10,325,3,0,0,0,0,0,0,0,0//DC_SERVICEFORYOU	#サービスフォーユー#
4043,304,1,0,0,0,0,0,0,0,0,0,0//BD_ADAPTATION		#アドリブ
4043,305,1,304,1,0,0,0,0,0,0,0,0//BD_ENCORE		#アンコール#
4043,306,1,327,10,0,0,0,0,0,0,0,0//BD_LULLABY		#子守歌#
4043,307,5,313,3,0,0,0,0,0,0,0,0//BD_RICHMANKIM		#ニヨルドの宴#
4043,308,1,311,1,0,0,0,0,0,0,0,0//BD_ETERNALCHAOS		#永遠の混沌#
4043,309,5,330,10,0,0,0,0,0,0,0,0//BD_DRUMBATTLEFIELD	#戦太鼓の響き#
4043,310,5,309,3,0,0,0,0,0,0,0,0//BD_RINGNIBELUNGEN	#ニーベルングの指輸#
4043,311,1,328,10,0,0,0,0,0,0,0,0//BD_ROKISWEIL		#ロキの叫び#
4043,312,1,306,1,0,0,0,0,0,0,0,0//BD_INTOABYSS		#深淵の中に#
4043,313,5,329,10,0,0,0,0,0,0,0,0//BD_SIEGFRIED		#不死身のジークフリード#
4043,314,1,312,1,308,1,0,0,0,0,0,0//BD_RAGNAROK		#ラグナロク#
// Peco Crusader
4044,1,9,0,0,0,0,0,0,0,0,0,0//NV_BASIC		#基本スキル#
4044,142,1,0,0,0,0,0,0,0,0,0,0//NV_FIRSTAID	#応急手当#
4044,2,10,0,0,0,0,0,0,0,0,0,0//SM_SWORD		#剣修練#
4044,3,10,2,1,0,0,0,0,0,0,0,0//SM_TWOHAND		#両手剣修練#
4044,4,10,0,0,0,0,0,0,0,0,0,0//SM_RECOVERY	#HP回復力向上#
4044,5,10,0,0,0,0,0,0,0,0,0,0//SM_BASH		#バッシュ#
4044,6,10,0,0,0,0,0,0,0,0,0,0//SM_PROVOKE		#プロボック#
4044,7,10,5,5,0,0,0,0,0,0,0,0//SM_MAGNUM		#マグナムブレイク#
4044,8,10,6,5,0,0,0,0,0,0,0,0//SM_ENDURE		#インデュア#
4044,144,1,0,0,0,0,0,0,0,0,0,0//SM_MOVINGRECOVERY	#移動時HP回復#
4044,145,1,0,0,0,0,0,0,0,0,0,0//SM_FATALBLOW	#急所攻撃#
4044,146,1,0,0,0,0,0,0,0,0,0,0//SM_AUTOBERSERK	#オートバーサーク#
4044,63,1,8,1,0,0,0,0,0,0,0,0//KN_RIDING		#ライディング#
4044,64,5,63,1,0,0,0,0,0,0,0,0//KN_CAVALIERMASTERY#騎兵修練#
4044,55,10,0,0,0,0,0,0,0,0,0,0//KN_SPEARMASTERY	#槍修練#
4044,35,1,248,5,0,0,0,0,0,0,0,0//AL_CURE		#キュアー#
4044,22,10,35,1,0,0,0,0,0,0,0,0//AL_DP		#ディバインプロテクション#
4044,23,10,22,3,0,0,0,0,0,0,0,0//AL_DEMONBANE	#デーモンベイン#
4044,28,10,23,5,248,10,0,0,0,0,0,0//AL_HEAL		#ヒール#
4044,248,10,0,0,0,0,0,0,0,0,0,0//CR_TRUST			#フェイス#
4044,249,10,0,0,0,0,0,0,0,0,0,0//CR_AUTOGUARD		#オートガード#
4044,250,5,249,5,0,0,0,0,0,0,0,0//CR_SHIELDCHARGE		#シールドチャージ#
4044,251,5,250,3,0,0,0,0,0,0,0,0//CR_SHIELDBOOMERANG	#シールドブーメラン#
4044,252,10,251,3,0,0,0,0,0,0,0,0//CR_REFLECTSHIELD	#リフレクトシールド#
4044,253,10,248,7,0,0,0,0,0,0,0,0//CR_HOLYCROSS		#ホーリークロス#
4044,254,10,253,6,248,10,0,0,0,0,0,0//CR_GRANDCROSS	#グランドクロス#
4044,255,5,252,5,254,4,0,0,0,0,0,0//CR_DEVOTION		#ディボーション#
4044,256,5,22,5,28,5,0,0,0,0,0,0//CR_PROVIDENCE		#プロヴィデンス#
4044,257,5,251,1,0,0,0,0,0,0,0,0//CR_DEFENDER		#ディフェンダー#
4044,258,10,55,10,0,0,0,0,0,0,0,0//CR_SPEARQUICKEN	#スピアクイッケン#
// Super Novice
4045,1,9,0,0,0,0,0,0,0,0,0,0//NV_BASIC		#基本スキル#
4045,142,1,0,0,0,0,0,0,0,0,0,0//NV_FIRSTAID	#応急手当#
4045,2,10,0,0,0,0,0,0,0,0,0,0//SM_SWORD		#剣修練#
4045,4,10,0,0,0,0,0,0,0,0,0,0//SM_RECOVERY	#HP回復力向上#
4045,5,10,0,0,0,0,0,0,0,0,0,0//SM_BASH		#バッシュ#
4045,6,10,0,0,0,0,0,0,0,0,0,0//SM_PROVOKE		#プロボック#
4045,7,10,5,5,0,0,0,0,0,0,0,0//SM_MAGNUM		#マグナムブレイク#
4045,8,10,6,5,0,0,0,0,0,0,0,0//SM_ENDURE		#インデュア#
4045,9,10,0,0,0,0,0,0,0,0,0,0//MG_SRECOVERY	#SP回復力向上#
4045,10,1,0,0,0,0,0,0,0,0,0,0//MG_SIGHT		#サイト#
4045,11,10,0,0,0,0,0,0,0,0,0,0//MG_NAPALMBEAT	#ナパームビート#
4045,12,10,11,7,13,5,0,0,0,0,0,0//MG_SAFETYWALL	#セイフティウォール#
4045,13,10,11,4,0,0,0,0,0,0,0,0//MG_SOULSTRIKE	#ソウルストライク#
4045,14,10,0,0,0,0,0,0,0,0,0,0//MG_COLDBOLT	#コールドボルト#
4045,15,10,14,5,0,0,0,0,0,0,0,0//MG_FROSTDIVER	#フロストダイバー#
4045,16,10,0,0,0,0,0,0,0,0,0,0//MG_STONECURSE	#ストーンカース#
4045,17,10,19,4,0,0,0,0,0,0,0,0//MG_FIREBALL	#ファイアーボール#
4045,18,10,17,5,10,1,0,0,0,0,0,0//MG_FIREWALL	#ファイアーウォール#
4045,19,10,0,0,0,0,0,0,0,0,0,0//MG_FIREBOLT	#ファイアーボルト#
4045,20,10,0,0,0,0,0,0,0,0,0,0//MG_LIGHTNINGBOLT	#ライトニングボルト#
4045,21,10,20,4,0,0,0,0,0,0,0,0//MG_THUNDERSTORM	#サンダーストーム#
4045,22,10,0,0,0,0,0,0,0,0,0,0//AL_DP		#ディバインプロテクション#
4045,23,10,22,3,0,0,0,0,0,0,0,0//AL_DEMONBANE	#デーモンベイン#
4045,24,1,0,0,0,0,0,0,0,0,0,0//AL_RUWACH		#ルアフ#
4045,25,1,27,4,0,0,0,0,0,0,0,0//AL_PNEUMA		#ニューマ#
4045,26,2,24,1,0,0,0,0,0,0,0,0//AL_TELEPORT	#テレポート#
4045,27,4,26,2,0,0,0,0,0,0,0,0//AL_WARP		#ワープポータル#
4045,28,10,0,0,0,0,0,0,0,0,0,0//AL_HEAL		#ヒール#
4045,29,10,28,3,0,0,0,0,0,0,0,0//AL_INCAGI	#速度増加#
4045,30,10,29,1,0,0,0,0,0,0,0,0//AL_DECAGI	#速度減少#
4045,31,1,0,0,0,0,0,0,0,0,0,0//AL_HOLYWATER	#アクアベネディクタ#
4045,32,10,23,3,0,0,0,0,0,0,0,0//AL_CRUCIS	#シグナムクルシス#
4045,33,10,22,3,0,0,0,0,0,0,0,0//AL_ANGELUS	#エンジェラス#
4045,34,10,22,5,0,0,0,0,0,0,0,0//AL_BLESSING	#ブレッシング#
4045,35,1,0,0,0,0,0,0,0,0,0,0//AL_CURE		#キュアー#
4045,36,10,0,0,0,0,0,0,0,0,0,0//MC_INCCARRY	#所持限界量増加#
4045,37,10,36,3,0,0,0,0,0,0,0,0//MC_DISCOUNT	#ディスカウント#
4045,38,10,37,3,0,0,0,0,0,0,0,0//MC_OVERCHARGE	#オーバーチャージ#
4045,39,10,36,5,0,0,0,0,0,0,0,0//MC_PUSHCART	#プッシュカート#
4045,40,1,0,0,0,0,0,0,0,0,0,0//MC_IDENTIFY	#アイテム鑑定#
4045,41,10,39,3,0,0,0,0,0,0,0,0//MC_VENDING	#露店開設#
4045,42,10,0,0,0,0,0,0,0,0,0,0//MC_MAMMONITE	#メマーナイト#
4045,43,10,0,0,0,0,0,0,0,0,0,0//AC_OWL		#ふくろうの目#
4045,44,10,43,3,0,0,0,0,0,0,0,0//AC_VULTURE	#ワシの目#
4045,45,10,44,1,0,0,0,0,0,0,0,0//AC_CONCENTRATION	#集中力向上#
4045,48,10,0,0,0,0,0,0,0,0,0,0//TF_DOUBLE		#ダブルアタック#
4045,49,10,0,0,0,0,0,0,0,0,0,0//TF_MISS		#回避率増加#
4045,50,10,0,0,0,0,0,0,0,0,0,0//TF_STEAL		#スティール#
4045,51,10,50,5,0,0,0,0,0,0,0,0//TF_HIDING	#ハイディング#
4045,52,10,0,0,0,0,0,0,0,0,0,0//TF_POISON		#インベナム#
4045,53,1,52,3,0,0,0,0,0,0,0,0//TF_DETOXIFY	#解毒#