48
51
54
57
60
64
68
72
76
80
85
90
95
100
105
111
117
123
129
135
142
149
156
163
170
178
186
194
202
210
219
228
237
246
255
265
275
285
295
305
316
327
338
349
360
372
384
396
408
420
433
446
459
472
485
499
513
527
541
555
570
585
600
615
630
646
662
678
694
710
727
744
761
778
795
813
831
849
867
885
904
923
942
961
980
1000
1020
1040
1060
1080
1101
1122
1143
1164
1185
1207
1229
1251
1273
1295
1318
1341
1364
1387
1410
1434
1458
1482
1506
1530
1555
1580
1605
1630
1655
1681
1707
1733
1759
1785
1812
1839
1866
1893
1920
1948
1976
2004
2032
2060
2089
2118
2147
2176
2205
2235
2265
2295
2325
2355
2386
2417
2448
2479
2510
2542
2574
2606
2638
2670
2703
2736
2769
2802
2835
2869
2903
2937
2971
3005
3040
3075
3110
3145
3180
3216
3252
3288
3324
3360
3397
3434
3471
3508
3545
3583
3621
3659
3697
3735
3774
3813
3852
3891
3930
3970
4010
4050
4090
4130
4171
4212
4253
4294
4335
4377
4419
4461
4503
4545
4588
4631
4674
4717
4760
4804
4848
4892
4936
4980
5025
5070
5115
5160
5205
5251
5297
5343
5389
5435
5482
5529
5576
5623
5670
5718
5766
5814
5862
5910
5959
6008
6057
6106
6155
6205
6255
6305
6355
6405
6456
6507
6558
6609
6660
6712
6764
6816
6868
6920
6973
7026
7079
7132
7185
