prontera,163,131,3	script	แลก Cash เป็นอุปกรณ์สวมใส่	564,{
	.@cash_price = 5;
	menu "แลก 1 อัน",L_Once,"ใส่จำนวน",L_Input,"แลกทั้งหมด",L_AllIn;
	
	L_Once:
	.@i = 1;
	goto L_Loop;

	L_Input:
	input .@i;
	goto L_Loop;
	
	L_AllIn:
	.@i = 999999;
	.@all_in = 1;
	goto L_Loop;
	
	L_Loop:
	getinventorylist;
	.@inventory_count = @inventorylist_count;
	
	.@sum_cash = #CASHPOINTS;
	
	.@max_rand = .@sum_cash / .@cash_price;
	
	if(.@i > .@max_rand)
	.@i = .@max_rand;

	if(.@inventory_count + .@i > 100 && .@all_in)
	.@i = 100 - .@inventory_count;

	if(.@inventory_count + .@i > 100){
		mes "คุณต้องการสุ่ม " + .@i + " ครั้ง";
		mes "แต่ช่องว่าง ภายในกระเป๋าของคุณไม่เพียงพอ โปรดทำช่องว่างเพิ่ม " + .@i + " ช่อง";
		close;
	}
	
	while(.@i > 0 && #CASHPOINTS >= .@cash_price){
		.@rand_card = .all_equipment[rand(0,getarraysize(.all_equipment)-1)];
		
		if(!checkweight(.@rand_card,1))
		break;
		
		.@i--;
		
		#CASHPOINTS -= .@cash_price;
		
		getitem .@rand_card,1;
	}
	end;
	
OnInit:
	setarray .all_equipment[0],1101,1102,1103,1104,1105,1106,1107,1108,1109,1110,1111,1112,1113,1114,1115,1116,1117,1118,1119,1120,1121,1122,1123,1124,1125,1126,1127,1128,1129,1130,1131,1132,1133,1134,1135,1136,1137,1138,1139,1140,1141,1142,1143,1144,1145,1146,1147,1148,1149,1151,1152,1153,1154,1155,1156,1157,1158,1159,1160,1161,1162,1163,1164,1165,1166,1167,1168,1169,1170,1171,1172,1173,1174,1175,1176,1177,1178,1179,1180,1181,1182,1183,1184,1185,1186,1187,1188,1189,1190,1191,1192,1193,1194,1195,1196,1197,1198,1199,1201,1202,1203,1204,1205,1206,1207,1208,1209,1210,1211,1212,1213,1214,1215,1216,1217,1218,1219,1220,1221,1222,1223,1224,1225,1226,1227,1228,1229,1230,1231,1232,1233,1234,1235,1236,1237,1238,1239,1240,1241,1242,1243,1244,1245,1246,1247,1248,1249,1250,1251,1252,1253,1254,1255,1256,1257,1258,1259,1260,1261,1262,1263,1264,1265,1266,1267,1268,1269,1270,1271,1272,1273,1274,1275,1276,1277,1278,1279,1280,1281,1282,1283,1284,1285,1286,1287,1288,1289,1290,1291,1292,1293,1294,1295,1296,1297,1298,1299,1300,1301,1302,1303,1304,1305,1306,1307,1308,1309,1310,1311,1312,1313,1314,1315,1316,1317,1318,1319,1321,1322,1323,1324,1326,1333,1336,1351,1352,1353,1354,1355,1356,1357,1358,1359,1360,1361,1362,1363,1364,1365,1366,1367,1368,1369,1370,1371,1372,1373,1374,1375,1376,1377,1378,1379,1380,1381,1382,1383,1384,1385,1386,1387,1388,1389,1390,1391,1392,1393,1394,1395,1396,1397,1398,1399,1400,1401,1402,1403,1404,1405,1406,1407,1408,1409,1410,1411,1412,1413,1414,1415,1416,1417,1418,1419,1420,1421,1422,1423,1424,1425,1426,1427,1428,1429,1430,1431,1432,1433,1434,1435,1436,1437,1438,1439,1440,1441,1442,1443,1445,1446,1447,1448,1449,1450,1451,1452,1453,1454,1455,1456,1457,1458,1459,1460,1461,1462,1463,1464,1465,1466,1467,1468,1469,1470,1471,1472,1473,1474,1475,1476,1477,1478,1479,1480,1481,1482,1483,1484,1485,1486,1487,1488,1489,1490,1491,1492,1493,1494,1495,1496,1497,1498,1499,1501,1502,1503,1504,1505,1506,1507,1508,1509,1510,1511,1512,1513,1514,1515,1516,1517,1518,1519,1520,1521,1522,1523,1524,1525,1526,1527,1528,1529,1530,1531,1532,1533,1534,1535,1536,1537,1538,1539,1540,1541,1542,1543,1544,1545,1546,1547,1548,1549,1550,1551,1552,1553,1554,1555,1556,1557,1558,1559,1560,1561,1562,1563,1564,1565,1566,1567,1568,1569,1570,1571,1572,1573,1574,1575,1576,1577,1578,1579,1580,1581,1582,1583,1584,1585,1586,1587,1588,1589,1590,1591,1592,1593,1594,1595,1596,1597,1598,1599,1600,1601,1602,1603,1604,1605,1606,1607,1608,1609,1610,1611,1612,1613,1614,1615,1616,1617,1618,1619,1620,1621,1622,1623,1624,1625,1626,1627,1628,1629,1630,1631,1632,1633,1634,1635,1636,1637,1638,1639,1640,1641,1642,1643,1644,1645,1646,1647,1648,1649,1650,1651,1652,1653,1654,1655,1656,1657,1658,1659,1660,1661,1662,1663,1664,1665,1666,1667,1668,1669,1670,1671,1673,1674,1675,1676,1677,1678,1679,1680,1681,1682,1683,1684,1685,1686,1687,1690,1691,1692,1693,1694,1695,1696,1697,1698,1699,1701,1702,1703,1704,1705,1706,1707,1708,1709,1710,1711,1712,1713,1714,1715,1716,1718,1719,1720,1721,1722,1723,1724,1725,1726,1727,1728,1729,1730,1731,1732,1733,1734,1735,1736,1737,1738,1739,1740,1741,1742,1743,1744,1745,1746,1747,1748,1749,1800,1801,1802,1803,1804,1805,1806,1807,1808,1809,1810,1811,1812,1813,1814,1815,1816,1817,1818,1819,1820,1821,1822,1823,1824,1825,1826,1827,1828,1829,1830,1831,1832,1833,1834,1835,1836,1837,1838,1839,1840,1841,1846,1847,1862,1865,1866,1867,1870,1900,1901,1902,1903,1904,1905,1906,1907,1908,1909,1910,1911,1912,1913,1914,1915,1916,1917,1918,1919,1920,1921,1922,1923,1924,1925,1926,1927,1928,1929,1930,1931,1932,1933,1934,1935,1936,1937,1938,1939,1940,1941,1942,1944,1950,1951,1952,1953,1954,1955,1956,1957,1958,1959,1960,1961,1962,1963,1964,1965,1966,1967,1968,1969,1970,1971,1972,1973,1974,1975,1976,1977,1978,1979,1980,1981,1982,1983,1984,1985,1986,1987,1988,1989,1990,1991,1992,1994,1995,1996,1997,2000,2001,2002,2003,2004,2005,2006,2007,2008,2009,2010,2011,2012,2013,2014,2015,2016,2017,2018,2019,2020,2021,2022,2023,2024,2025,2026,2027,2030,2032,2039,2046,2048,2049,2051,2053,2054,2055,2056,2057,2058,2060,2101,2102,2103,2104,2105,2106,2107,2108,2109,2110,2111,2112,2113,2114,2115,2116,2117,2118,2119,2120,2121,2122,2123,2124,2125,2126,2127,2128,2129,2130,2131,2132,2133,2134,2135,2136,2137,2138,2139,2140,2141,2142,2143,2144,2145,2146,2147,2148,2149,2150,2151,2152,2153,2154,2155,2156,2157,2158,2159,2160,2161,2162,2163,2164,2165,2166,2167,2168,2169,2170,2171,2172,2173,2174,2175,2176,2177,2178,2179,2180,2181,2182,2183,2185,2186,2187,2188,2189,2190,2195,2196,2198,2199,2201,2202,2203,2204,2205,2206,2207,2208,2209,2210,2211,2212,2213,2214,2215,2216,2217,2218,2219,2220,2221,2222,2223,2224,2225,2226,2227,2228,2229,2230,2231,2232,2233,2234,2235,2236,2237,2238,2239,2240,2241,2242,2243,2244,2245,2246,2247,2248,2249,2250,2251,2252,2253,2254,2255,2256,2257,2258,2259,2260,2261,2262,2263,2264,2265,2266,2267,2268,2269,2270,2271,2272,2273,2274,2275,2276,2277,2278,2279,2280,2281,2282,2283,2284,2285,2286,2287,2288,2289,2290,2291,2292,2293,2294,2295,2296,2297,2298,2299,2301,2302,2303,2304,2305,2306,2307,2308,2309,2310,2311,2312,2313,2314,2315,2316,2317,2318,2319,2320,2321,2322,2323,2324,2325,2326,2327,2328,2329,2330,2331,2332,2333,2334,2335,2336,2337,2338,2339,2340,2341,2342,2343,2344,2345,2346,2347,2348,2349,2350,2351,2352,2353,2354,2355,2356,2357,2358,2359,2360,2361,2362,2363,2364,2365,2366,2367,2368,2369,2370,2371,2372,2373,2374,2375,2376,2377,2378,2379,2380,2381,2382,2383,2384,2385,2386,2387,2388,2389,2390,2391,2392,2393,2394,2395,2396,2397,2398,2399,2401,2402,2403,2404,2405,2406,2407,2408,2409,2410,2411,2412,2413,2414,2415,2416,2417,2418,2419,2420,2421,2422,2423,2424,2425,2426,2427,2428,2429,2430,2431,2432,2433,2434,2435,2436,2437,2438,2439,2440,2441,2442,2443,2444,2445,2446,2447,2448,2449,2450,2451,2452,2453,2454,2455,2456,2457,2458,2459,2460,2461,2462,2463,2464,2465,2466,2467,2468,2469,2470,2471,2472,2473,2474,2475,2476,2477,2478,2479,2480,2481,2482,2483,2484,2485,2486,2487,2488,2489,2491,2492,2493,2494,2495,2496,2497,2498,2499,2501,2502,2503,2504,2505,2506,2507,2508,2509,2510,2511,2512,2513,2514,2515,2516,2517,2518,2519,2520,2521,2522,2523,2524,2525,2526,2527,2528,2529,2530,2531,2532,2533,2534,2535,2536,2537,2538,2539,2540,2541,2542,2543,2544,2545,2546,2547,2548,2549,2550,2551,2552,2553,2554,2555,2556,2557,2558,2559,2560,2561,2562,2563,2564,2565,2566,2567,2568,2569,2570,2571,2572,2573,2574,2575,2576,2577,2578,2579,2580,2581,2582,2583,2584,2585,2586,2587,2588,2589,2590,2591,2592,2593,2594,2597,2598,2599,2601,2602,2603,2604,2605,2607,2608,2609,2610,2611,2612,2613,2614,2615,2616,2617,2618,2619,2620,2621,2622,2623,2624,2625,2626,2627,2628,2629,2630,2631,2632,2633,2634,2635,2636,2637,2638,2639,2640,2641,2642,2643,2644,2645,2646,2647,2648,2649,2650,2651,2652,2653,2654,2655,2656,2657,2658,2659,2660,2661,2662,2663,2664,2665,2666,2667,2668,2669,2670,2671,2672,2673,2674,2675,2676,2677,2678,2679,2680,2681,2682,2683,2684,2685,2686,2687,2688,2689,2690,2691,2692,2693,2694,2695,2696,2697,2698,2699,2700,2701,2702,2703,2704,2705,2706,2707,2708,2709,2710,2711,2712,2713,2714,2715,2716,2717,2718,2719,2720,2721,2722,2723,2724,2725,2726,2727,2728,2729,2730,2731,2732,2733,2734,2735,2736,2737,2738,2739,2740,2741,2742,2743,2744,2745,2746,2747,2748,2749,2750,2751,2752,2753,2754,2755,2756,2757,2758,2759,2760,2761,2762,2763,2764,2765,2766,2767,2768,2769,2770,2771,2772,2773,2774,2775,2776,2777,2778,2779,2780,2781,2782,2783,2784,2785,2786,2787,2788,2789,2790,2791,2792,2793,2794,2795,2796,2797,2798,2799,2800,2801,2802,2803,2804,2805,2806,2807,2808,2809,2810,2811,2812,2813,2814,2815,2816,2817,2818,2819,2820,2821,2822,2823,2824,2825,2826,2827,2828,2829,2830,2831,2832,2833,2834,2835,2836,2837,2838,2839,2840,2841,2842,2843,2844,2845,2846,2847,2848,2849,2850,2851,2852,2853,2854,2855,2856,2857,2858,2859,2860,2861,2862,2863,2864,2865,2866,2867,2868,2869,2870,2871,2872,2873,2874,2875,2876,2877,2878,2879,2880,2881,2882,2883,2884,2885,2886,2887,2888,2889,2890,2891,2892,2893,2894,2895,2896,2897,2898,2899,2900,2901,2902,2903,2904,2905,2906,2907,2908,2909,2910,2911,2912,2913,2914,2915,2916,2917,2918,2919,2920,2921,2922,2923,2924,2925,2926,2927,2928,2935,2936,2940,2941,2942,2943,2944,2945,2946,2948,2949,2950,2951,2952,2953,2954,2956,2957,2958,2959,2960,2963,2964,2966,2967,2968,2969,2971,2976,2977,2978,2979,2980,2981,2983,2984,2985,2986,2987,2988,2989,2990,2991,2992,2995,2996,2997,2998,2999,5001,5002,5003,5004,5005,5006,5007,5008,5009,5010,5011,5012,5013,5014,5015,5016,5017,5018,5019,5020,5021,5022,5023,5024,5025,5026,5027,5028,5029,5030,5031,5032,5033,5034,5035,5036,5037,5038,5039,5040,5041,5042,5043,5044,5045,5046,5047,5048,5049,5050,5051,5052,5053,5054,5055,5056,5057,5058,5059,5060,5061,5062,5063,5064,5065,5066,5067,5068,5069,5070,5071,5072,5073,5074,5075,5076,5077,5078,5079,5080,5081,5082,5083,5084,5085,5086,5087,5088,5089,5090,5091,5092,5093,5094,5095,5096,5097,5098,5099,5100,5101,5102,5103,5104,5105,5106,5107,5108,5109,5110,5111,5112,5113,5114,5115,5116,5117,5118,5119,5120,5121,5122,5123,5124,5125,5126,5127,5128,5129,5130,5131,5132,5133,5134,5135,5136,5137,5138,5139,5140,5141,5142,5143,5144,5145,5146,5147,5148,5149,5150,5151,5152,5153,5154,5155,5156,5157,5158,5159,5160,5161,5162,5163,5164,5165,5166,5167,5168,5169,5170,5171,5172,5173,5174,5175,5176,5177,5178,5179,5180,5181,5182,5183,5184,5185,5186,5187,5188,5189,5190,5191,5192,5193,5194,5195,5196,5197,5198,5199,5200,5201,5202,5203,5204,5205,5206,5207,5208,5209,5210,5211,5212,5213,5214,5215,5216,5217,5218,5219,5220,5221,5222,5223,5224,5225,5226,5227,5228,5229,5230,5231,5232,5233,5234,5235,5236,5237,5238,5239,5240,5241,5242,5243,5244,5245,5246,5247,5248,5249,5250,5251,5252,5253,5254,5255,5256,5257,5258,5259,5260,5261,5262,5263,5264,5265,5266,5267,5268,5269,5270,5271,5272,5273,5274,5275,5276,5277,5278,5279,5280,5281,5282,5283,5284,5285,5286,5287,5288,5289,5290,5291,5292,5293,5294,5295,5296,5297,5298,5299,5300,5301,5302,5303,5304,5305,5306,5307,5308,5309,5310,5311,5312,5313,5314,5315,5316,5317,5318,5319,5320,5321,5322,5323,5324,5325,5326,5327,5328,5329,5330,5331,5332,5333,5334,5335,5336,5337,5338,5339,5340,5341,5342,5343,5344,5345,5346,5347,5348,5349,5350,5351,5352,5353,5354,5355,5356,5357,5358,5359,5360,5361,5362,5363,5364,5365,5366,5367,5368,5369,5370,5371,5372,5373,5374,5375,5376,5377,5378,5379,5380,5381,5382,5383,5384,5385,5386,5387,5388,5389,5390,5391,5392,5393,5394,5395,5396,5397,5398,5399,5400,5401,5402,5403,5404,5405,5406,5407,5408,5409,5410,5411,5412,5413,5414,5415,5416,5417,5418,5419,5420,5421,5422,5423,5424,5425,5426,5427,5428,5429,5430,5431,5432,5433,5434,5435,5436,5437,5438,5439,5440,5441,5442,5443,5444,5445,5446,5447,5448,5449,5450,5451,5452,5453,5454,5455,5456,5457,5458,5459,5460,5461,5462,5463,5464,5465,5466,5467,5468,5469,5470,5471,5472,5473,5474,5475,5476,5477,5478,5479,5480,5481,5482,5483,5484,5485,5486,5487,5488,5489,5490,5491,5492,5493,5494,5495,5496,5497,5498,5499,5500,5501,5502,5503,5504,5505,5506,5507,5508,5509,5510,5511,5512,5513,5514,5515,5516,5517,5518,5519,5520,5521,5522,5523,5524,5525,5526,5527,5528,5529,5530,5531,5532,5533,5534,5535,5536,5537,5538,5539,5540,5541,5542,5543,5544,5545,5546,5547,5548,5549,5550,5551,5552,5553,5554,5555,5556,5557,5558,5559,5560,5561,5562,5563,5564,5565,5566,5567,5568,5569,5570,5571,5572,5573,5574,5575,5576,5577,5578,5579,5580,5581,5582,5583,5584,5585,5586,5587,5588,5589,5590,5591,5592,5593,5594,5595,5596,5597,5598,5599,5600,5601,5602,5603,5604,5605,5606,5607,5608,5609,5610,5611,5612,5613,5614,5615,5616,5617,5618,5619,5620,5621,5622,5623,5624,5625,5626,5627,5628,5629,5630,5631,5632,5633,5634,5635,5636,5637,5638,5639,5640,5641,5642,5643,5644,5645,5646,5647,5648,5649,5650,5651,5652,5653,5654,5655,5656,5657,5658,5659,5660,5661,5662,5663,5664,5665,5666,5667,5668,5669,5670,5671,5672,5673,5674,5675,5676,5677,5678,5679,5680,5681,5682,5683,5684,5685,5686,5687,5688,5689,5690,5691,5692,5693,5694,5695,5696,5697,5698,5699,5700,5701,5702,5703,5704,5705,5706,5707,5708,5709,5710,5711,5712,5713,5714,5715,5716,5717,5718,5719,5720,5721,5722,5723,5724,5725,5726,5727,5728,5729,5730,5731,5732,5733,5734,5735,5736,5737,5738,5739,5740,5741,5742,5743,5744,5745,5746,5747,5748,5749,5750,5751,5752,5753,5754,5755,5756,5757,5758,5759,5760,5761,5762,5763,5764,5765,5766,5767,5768,5769,5770,5771,5772,5773,5774,5775,5776,5777,5778,5779,5780,5781,5782,5783,5784,5785,5786,5787,5788,5789,5790,5791,5792,5793,5794,5795,5796,5797,5798,5799,5800,5801,5802,5803,5804,5805,5806,5807,5808,5809,5810,5811,5812,5813,5814,5815,5816,5817,5818,5819,5820,5821,5822,5823,5824,5825,5826,5827,5828,5829,5830,5831,5832,5833,5834,5835,5836,5837,5838,5839,5840,5841,5842,5843,5844,5845,5846,5847,5848,5849,5850,5851,5852,5853,5855,5856,5857,5858,5859,5864,5868,5869,5870,5871,5873,5874,5875,5881,5882,5883,5884,5885,5886,5887,5892,5893,5894,5895,5900,5901,5902,5903,5904,5905,5906,5907,5909,5914,5917,5918,5919,5920,5933,5937,5938,5943,5945,5965,5966,5967,5968,5969,5971,5972,5973,5978,5979,5980,5985,13000,13001,13002,13003,13004,13005,13006,13007,13008,13009,13010,13011,13012,13013,13014,13015,13016,13017,13018,13019,13020,13021,13022,13023,13024,13025,13026,13027,13028,13029,13030,13031,13032,13033,13034,13035,13036,13037,13038,13039,13040,13041,13042,13043,13044,13045,13046,13047,13048,13049,13050,13051,13052,13053,13054,13055,13056,13057,13058,13059,13060,13061,13062,13063,13064,13065,13066,13067,13068,13069,13070,13071,13072,13073,13074,13075,13076,13077,13078,13079,13081,13083,13085,13086,13088,13089,13090,13092,13093,13094,13096,13097,13098,13099,13100,13101,13102,13103,13104,13105,13106,13107,13108,13109,13110,13111,13112,13113,13114,13115,13116,13117,13118,13119,13120,13122,13124,13125,13126,13127,13128,13129,13138,13146,13150,13151,13152,13153,13154,13155,13156,13157,13158,13159,13160,13161,13162,13163,13164,13165,13166,13167,13168,13169,13170,13171,13172,13173,13174,13175,13176,13177,13178,13179,13180,13181,13182,13183,13184,13185,13186,13187,13189,13190,13192,13193,13194,13195,13196,13197,13198,13199,13300,13301,13302,13303,13304,13305,13306,13307,13308,13309,13310,13311,13312,13313,13314,13315,13316,13317,13321,13322,13323,13327,13328,13329,13332,13337,13338,13345,13346,13347,13400,13401,13402,13403,13404,13405,13406,13407,13408,13409,13410,13411,13412,13413,13414,13415,13416,13417,13418,13419,13420,13421,13422,13423,13424,13425,13426,13427,13428,13429,13430,13431,13432,13433,13434,13435,13436,13437,13438,13439,13440,13441,13442,13444,13445,13446,13447,13448,13449,13450,13451,13452,13453,13454,13455,13456,13457,13460,13461,13462,13469,13473,13474,13475,13476,13477,13478,13479,13480,13481,13482,13483,13485,13492,13493,13495,13497,13498,13499,15000,15001,15002,15003,15004,15005,15006,15007,15008,15009,15010,15011,15012,15013,15014,15015,15016,15017,15018,15019,15020,15021,15022,15023,15024,15025,15026,15027,15028,15029,15030,15031,15032,15033,15034,15035,15036,15037,15038,15039,15040,15041,15042,15043,15044,15045,15046,15047,15048,15049,15050,15051,15052,15053,15054,15055,15056,15057,15058,15059,15060,15061,15062,15063,15064,15066,15067,15068,15069,15070,15071,15072,15073,15074,15087,15088,15089,15090,15091,15093,15094,15095,15096,15097,15098,15100,15101,15102,15103,15104,15105,15106,15108,15110,15111,15116,15117,15121,15123,15125,15126,15128,15129,15138,15141,15143,15144,15145,15146,15147,15150,15151,15152,15153,15154,15155,15156,15162,15163,15164,15165,15166,15169,15174,15175,15176,15177,15178,15179,15180,15181,15182,15183,15184,15185,15186,15189,15191,15195,15204,15205,15209,15212,15250,15278,15279,15280,15283,15346,15347,15348,15352,15353,15354,15376,15377,15378,15379,15380,15384,15388,15389,15391,15392,15393,15394,15395,15396,15397,15398,15399,15400,15401,15402,15405,15409,15417,15419,15420,16000,16001,16002,16003,16004,16005,16006,16007,16008,16009,16010,16011,16012,16013,16014,16015,16016,16017,16018,16019,16020,16021,16022,16023,16024,16025,16026,16027,16028,16029,16030,16031,16032,16033,16034,16035,16036,16037,16038,16039,16040,16041,16043,16048,16051,16060,16063,16065,16088,16089,16092,16093,16094,16095,16096,16099,18100,18101,18102,18103,18104,18105,18106,18107,18108,18109,18110,18111,18112,18113,18114,18115,18116,18117,18118,18119,18120,18121,18122,18123,18124,18125,18126,18127,18128,18130,18132,18137,18138,18139,18140,18145,18149,18164,18170,18174,18178,18179,18180,18184,18185,18186,18187,18188,18190,18191,18198,18500,18501,18502,18503,18504,18505,18506,18507,18508,18509,18510,18511,18512,18513,18514,18515,18516,18517,18518,18519,18520,18521,18522,18523,18524,18525,18526,18527,18528,18529,18530,18531,18532,18533,18534,18535,18536,18537,18538,18539,18540,18541,18542,18543,18544,18545,18546,18547,18548,18549,18550,18551,18552,18553,18554,18555,18556,18557,18558,18559,18560,18561,18562,18563,18564,18565,18566,18567,18568,18569,18570,18571,18572,18573,18574,18575,18576,18577,18578,18579,18580,18581,18582,18583,18584,18585,18586,18587,18588,18589,18590,18591,18592,18593,18594,18595,18596,18597,18598,18599,18600,18601,18602,18603,18604,18605,18606,18607,18608,18609,18610,18611,18612,18613,18614,18615,18616,18617,18618,18619,18620,18621,18622,18623,18624,18625,18626,18627,18628,18629,18630,18631,18632,18633,18634,18635,18636,18637,18638,18639,18640,18641,18642,18643,18644,18645,18646,18647,18648,18649,18650,18651,18652,18653,18655,18656,18657,18658,18659,18660,18661,18662,18663,18664,18665,18666,18667,18668,18669,18670,18671,18672,18673,18674,18675,18676,18677,18678,18679,18680,18681,18682,18683,18684,18685,18686,18687,18688,18689,18690,18691,18692,18693,18694,18695,18696,18697,18698,18699,18700,18701,18702,18703,18704,18706,18707,18708,18709,18710,18711,18712,18713,18714,18715,18716,18718,18724,18727,18728,18729,18730,18732,18733,18734,18736,18737,18739,18740,18741,18742,18743,18744,18745,18746,18747,18748,18749,18750,18752,18753,18754,18755,18756,18758,18759,18760,18761,18762,18763,18764,18765,18766,18767,18768,18769,18770,18771,18772,18773,18774,18775,18776,18779,18780,18781,18782,18785,18786,18787,18790,18791,18792,18793,18796,18803,18805,18806,18807,18808,18810,18813,18814,18815,18816,18817,18818,18819,18820,18821,18823,18827,18828,18829,18830,18831,18832,18839,18841,18842,18843,18844,18845,18846,18847,18848,18849,18850,18851,18852,18853,18854,18855,18856,18857,18858,18859,18860,18861,18863,18864,18865,18867,18868,18870,18871,18872,18873,18874,18877,18878,18879,18880,18882,18885,18887,18888,18889,18890,18891,18892,18893,18894,18895,18896,18897,18898,18900,18901,18902,18908,18909,18910,18917,18918,18925,18929,18930,18931,18932,18933,18934,18936,18937,18938,18940,18947,18948,18949,18960,18970,18971,18972,18973,18974,18975,18976,18977,18978,18979,18980,18981,18982,18983,18984,18985,18987,18997,19019,19020,19021,19022,19024,19026,19030,19031,19033,19038,19039,19047,19048,19050,19051,19052,19053,19079,19081,19082,19083,19084,19085,19086,19087,19088,19089,19090,19091,19092,19093,19094,19095,19101,19102,19109,19111,19112,19114,19115,19116,19117,19118,19125,19126,19128,19129,19130,19131,19132,19133,19134,19137,19138,19139,19140,19141,19142,19143,19144,19145,19146,19147,19148,19149,19150,19151,19152,19153,19154,19155,19156,19157,19158,19159,19162,19164,19165,19166,19168,19171,19172,19173,19176,19177,19178,19179,19180,19181,19189,19190,19191,19192,19193,19194,19195,19196,19197,19198,19199,19200,19201,19202,19203,19204,19205,19209,19210,19223,19241,19242,19246,19247,19266,19267,19269,19272,19273,19274,19285,19289,19291,19294,19299,19306,19310,19326,19327,19329,19337,19342,19343,19344,19366,19379,19380,19381,19387,19391,19396,19397,19407,19409,19426,19428,19433,19451,19453,19469,19472,19474,19475,19476,19477,19478,19479,19480,19481,19482,19483,19484,19485,19486,19487,19488,19489,19490,19491,19492,19500,19501,19502,19503,19504,19505,19506,19507,19508,19509,19510,19511,19512,19513,19514,19515,19516,19517,19518,19519,19520,19521,19522,19523,19524,19525,19526,19527,19528,19529,19530,19531,19532,19533,19534,19535,19536,19537,19538,19539,19540,19541,19542,19543,19544,19545,19546,19547,19548,19549,19550,19551,19552,19553,19554,19555,19556,19557,19558,19559,19560,19561,19562,19563,19564,19565,19566,19567,19568,19569,19570,19571,19572,19573,19574,19575,19576,19577,19578,19579,19580,19581,19582,19583,19584,19585,19586,19587,19588,19589,19590,19591,19592,19593,19594,19595,19596,19597,19598,19599,19600,19601,19602,19603,19604,19605,19606,19607,19608,19609,19610,19611,19612,19613,19614,19615,19616,19617,19618,19619,19620,19621,19622,19623,19624,19625,19627,19628,19629,19630,19631,19632,19633,19634,19635,19636,19637,19638,19639,19640,19641,19642,19643,19644,19645,19646,19647,19648,19649,19650,19651,19652,19653,19654,19655,19656,19657,19658,19659,19660,19661,19662,19663,19664,19665,19666,19667,19668,19669,19670,19671,19672,19676,19677,19678,19682,19684,19685,19686,19687,19689,19690,19694,19695,19696,19697,19701,19702,19706,19707,19708,19709,19710,19712,19713,19714,19715,19716,19717,19718,19719,19720,19721,19722,19723,19724,19725,19726,19727,19728,19729,19730,19731,19732,19733,19734,19735,19736,19737,19738,19739,19741,19742,19743,19744,19745,19746,19747,19748,19749,19750,19751,19752,19753,19754,19755,19756,19757,19758,19759,19760,19761,19762,19763,19764,19765,19767,19768,19769,19770,19771,19772,19773,19774,19775,19776,19777,19778,19779,19780,19781,19782,19783,19784,19785,19786,19787,19788,19789,19790,19791,19792,19793,19794,19795,19796,19797,19798,19799,19800,19801,19802,19803,19804,19805,19806,19807,19808,19810,19811,19812,19813,19814,19815,19816,19817,19818,19819,19821,19822,19823,19824,19825,19826,19827,19828,19829,19830,19831,19832,19833,19834,19835,19836,19837,19839,19841,19842,19843,19844,19845,19846,19847,19848,19849,19850,19851,19852,19853,19854,19856,19857,19858,19859,19860,19861,19862,19863,19864,19865,19866,19871,19874,19876,19878,19882,19883,19884,19885,19886,19887,19888,19889,19902,19903,19910,19912,19913,19914,19916,19917,19918,19919,19920,19922,19925,19928,19929,19930,19931,19932,19934,19935,19936,19937,19938,19939,19941,19949,19952,19953,19954,19955,19956,19957,19958,19959,19960,19961,19962,19963,19964,19965,19966,19967,19968,19969,19970,19971,19972,19973,19974,19976,19977,19978,19979,19980,19982,19983,19984,19985,19986,19987,19988,19989,19990,19991,19992,19994,19996,19997,19998,19999,20000,20001,20002,20003,20004,20005,20006,20007,20008,20009,20010,20011,20012,20013,20014,20015,20016,20017,20018,20019,20020,20021,20022,20023,20024,20025,20026,20027,20028,20029,20030,20031,20032,20033,20034,20035,20036,20037,20038,20039,20040,20041,20042,20043,20044,20045,20046,20047,20048,20049,20050,20051,20052,20053,20054,20055,20056,20057,20058,20059,20060,20061,20062,20063,20064,20065,20066,20067,20068,20069,20070,20071,20073,20074,20075,20076,20077,20078,20079,20080,20081,20082,20083,20084,20085,20086,20087,20088,20089,20090,20091,20092,20093,20094,20095,20096,20097,20098,20099,20100,20101,20102,20103,20104,20105,20106,20107,20108,20109,20110,20111,20112,20113,20114,20115,20116,20117,20118,20119,20120,20121,20122,20123,20124,20125,20126,20127,20128,20129,20130,20131,20132,20133,20134,20135,20136,20137,20138,20139,20140,20141,20142,20143,20144,20145,20146,20147,20148,20149,20150,20151,20152,20153,20154,20155,20156,20157,20158,20159,20160,20161,20162,20163,20164,20165,20166,20167,20168,20169,20170,20171,20172,20173,20174,20175,20176,20177,20178,20179,20180,20181,20182,20183,20184,20185,20186,20187,20188,20189,20190,20191,20192,20193,20194,20195,20196,20197,20198,20199,20200,20201,20202,20203,20204,20205,20206,20207,20208,20209,20210,20211,20212,20213,20214,20215,20216,20217,20218,20219,20220,20221,20222,20223,20224,20225,20226,20227,20228,20230,20231,20232,20233,20234,20235,20236,20237,20238,20239,20240,20241,20242,20243,20244,20245,20246,20247,20248,20249,20250,20251,20252,20253,20254,20255,20256,20257,20258,20259,20260,20262,20263,20264,20265,20266,20267,20268,20269,20270,20271,20272,20273,20274,20277,20278,20279,20280,20281,20282,20283,20284,20285,20286,20287,20288,20291,20292,20293,20294,20295,20296,20297,20298,20299,20300,20301,20302,20303,20304,20305,20307,20311,20312,20313,20314,20315,20316,20317,20318,20319,20320,20321,20322,20323,20324,20325,20326,20327,20328,20329,20330,20331,20332,20333,20334,20335,20338,20339,20340,20341,20342,20344,20345,20346,20347,20348,20349,20350,20351,20352,20353,20354,20355,20356,20357,20358,20359,20360,20361,20362,20363,20364,20365,20366,20367,20368,20369,20370,20371,20372,20373,20374,20375,20376,20377,20378,20379,20380,20381,20382,20383,20384,20386,20391,20392,20393,20394,20395,20396,20397,20398,20399,20400,20401,20402,20403,20404,20405,20406,20407,20408,20409,20416,20417,20418,20419,20420,20421,20422,20423,20424,20425,20426,20427,20428,20429,20430,20431,20432,20433,20434,20435,20436,20437,20438,20439,20440,20441,20442,20446,20447,20448,20449,20450,20451,20452,20455,20456,20457,20458,20459,20460,20461,20462,20463,20464,20465,20466,20467,20468,20470,20481,20482,20483,20486,20487,20488,20489,20490,20491,20492,20493,20495,20496,20497,20498,20499,20500,20502,20504,20506,20507,20508,20509,20510,20511,20512,20514,20515,20516,20517,20519,20522,20524,20530,20533,20535,20537,20538,20543,20546,20547,20548,20570,20572,20576,20582,20584,20586,20588,20592,20600,20700,20701,20702,20703,20704,20706,20707,20709,20710,20711,20712,20714,20716,20717,20718,20721,20724,20725,20726,20727,20728,20730,20732,20733,20737,20743,20744,20746,20748,20749,20753,20756,20761,20762,20763,20764,20765,20773,20778,20779,20780,20781,20782,20783,20787,20788,20789,20790,20797,20798,20799,20800,20813,20814,20815,20819,20820,20821,20822,20823,20824,20825,20826,20830,20831,20834,20835,20836,20837,20838,20840,20842,20843,20844,20845,20846,20847,20856,20859,20860,20863,20906,20922,20923,20925,20931,20932,20933,20934,20935,20936,20937,20941,20942,20943,20944,20946,20947,20948,20949,20952,20962,20963,20964,20965,20966,20967,20968,20969,21000,21001,21002,21003,21004,21005,21006,21007,21008,21009,21010,21011,21012,21013,21014,21015,21016,21018,21019,21038,21039,21047,21050,21051,21052,21054,21055,21058,22000,22001,22002,22003,22004,22005,22006,22007,22008,22009,22010,22011,22012,22014,22015,22016,22017,22018,22032,22033,22034,22035,22036,22037,22042,22043,22044,22045,22046,22047,22059,22064,22066,22067,22069,22072,22075,22076,22077,22078,22079,22080,22081,22082,22083,22084,22085,22089,22101,22103,22104,22106,22107,22108,22109,22110,22111,22112,22113,22114,22115,22116,22117,22118,22120,22122,22123,22124,22125,22126,22131,22133,22134,22138,22141,22145,22170,22171,22172,22173,22189,22190,22192,22195,22196,22197,22198,22199,22200,22201,22207,22208,22209,22210,22214,22238,24000,24001,24002,24003,24004,24005,24006,24007,24008,24009,24010,24011,24012,24013,24014,24015,24016,24017,24018,24019,24020,24021,24022,24023,24024,24025,24026,24027,24028,24029,24030,24031,24032,24033,24034,24035,24036,24037,24038,24039,24040,24041,24042,24043,24044,24045,24046,24047,24048,24049,24050,24051,24052,24053,24054,24055,24056,24057,24058,24059,24060,24061,24062,24063,24064,24065,24066,24067,24068,24069,24070,24071,24072,24073,24074,24075,24076,24077,24078,24079,24080,24081,24082,24083,24084,24085,24086,24087,24088,24089,24090,24091,24092,24093,24094,24095,24096,24097,24098,24099,24100,24101,24102,24103,24104,24105,24106,24107,24108,24109,24110,24111,24112,24113,24114,24115,24116,24117,24118,24119,24120,24121,24122,24123,24124,24125,24126,24127,24128,24129,24130,24131,24132,24133,24134,24135,24136,24137,24138,24139,24140,24141,24142,24143,24144,24145,24146,24147,24148,24149,24150,24151,24152,24153,24154,24155,24156,24157,24158,24159,24160,24161,24162,24163,24164,24165,24166,24167,24168,24169,24170,24171,24172,24173,24174,24175,24176,24177,24178,24179,24180,24181,24182,24183,24184,24185,24186,24187,24188,24189,24190,24191,24192,24193,24194,24195,24196,24197,24198,24199,24200,24201,24202,24203,24204,24205,24206,24207,24208,24209,24210,24211,24212,24213,24214,24215,24216,24217,24218,24219,24220,24221,24222,24223,24224,24225,24226,24227,24228,24229,24230,24231,24232,24233,24234,24235,24236,24237,24238,24239,24240,24241,24242,24243,24244,24245,24246,24247,24248,24249,24250,24251,24252,24253,24254,24255,24256,24257,24258,24259,24260,24261,24262,24263,24264,24265,24266,24267,24268,24269,24270,24271,24272,24273,24274,24275,24276,24277,24278,24279,24280,24281,24282,24283,24284,24285,24286,24287,24288,24289,24290,24291,24292,24293,24294,24295,24296,24297,24298,24299,24300,24301,24302,24303,24304,24305,24306,24307,24308,24309,24310,24311,24312,24313,24314,24315,24316,24317,24318,24319,24320,24321,24322,24323,24324,24325,24326,24327,24328,24329,24330,24331,24332,24333,24334,24335,24336,24337,24338,24339,24340,24341,24342,24343,24344,24345,24346,24347,24348,24349,24350,24351,24352,24353,24354,24355,24356,24357,24358,24359,24360,24361,24362,24363,24364,24365,24366,24367,24368,24369,24370,24371,24372,24373,24374,24375,24376,24377,24378,24379,24380,24381,24382,24383,24384,24385,24386,24387,24388,24389,24390,24391,24392,24393,24394,24395,24396,24397,24398,24399,24400,24401,24402,24403,24404,24405,24406,24407,24408,24409,24410,24411,24412,24413,24414,24415,24416,24417,24418,24419,24420,24421,24423,24424,24425,24426,24427,24428,24429,24430,24431,24432,24433,24434,24435,24436,24437,24438,24439,24440,24441,24442,24443,24444,24445,24446,24447,24448,24449,24450,24451,24452,24453,24454,24455,24456,24457,24458,24459,24460,24461,24462,24463,24464,24465,24466,24467,24468,24469,24470,24471,24472,24473,24474,24475,26007,26016,26100,26101,26107,26109,26110,26111,26118,26138,26139,26151,26154,26155,26158,26159,26160,26161,26162,26164,26165,26166,26172,26200,26212,26213,26215,26216,28000,28001,28002,28005,28006,28007,28008,28010,28011,28022,28023,28038,28039,28042,28044,28045,28046,28100,28101,28102,28103,28104,28105,28106,28107,28110,28116,28130,28136,28138,28140,28141,28200,28201,28202,28203,28204,28223,28224,28225,28226,28240,28241,28242,28243,28244,28253,28254,28255,28256,28257,28258,28302,28303,28304,28305,28306,28310,28311,28315,28316,28317,28318,28320,28321,28322,28326,28327,28332,28333,28342,28352,28353,28354,28355,28356,28357,28358,28359,28370,28371,28372,28374,28377,28379,28380,28381,28382,28386,28391,28392,28410,28411,28413,28414,28415,28416,28417,28418,28419,28420,28421,28422,28423,28424,28425,28426,28429,28430,28433,28434,28437,28438,28439,28441,28442,28443,28444,28445,28446,28447,28448,28449,28450,28451,28452,28453,28454,28455,28456,28457,28458,28459,28460,28461,28462,28463,28464,28465,28466,28467,28468,28469,28470,28471,28472,28483,28484,28485,28491,28492,28495,28496,28499,28500,28501,28502,28503,28506,28507,28508,28509,28510,28513,28520,28521,28531,28533,28551,28564,28565,28566,28573,28575,28594,28598,28600,28601,28602,28604,28605,28606,28608,28612,28618,28619,28626,28629,28630,28631,28633,28635,28636,28700,28701,28702,28703,28705,28706,28717,28721,28725,28744,28745,28755,28762,28763,28764,28765,28766,28767,28768,28771,28772,28774,28775,28776,28900,28901,28902,28903,28904,28905,28906,28907,28908,28909,28910,28913,28915,28916,28918,28920,28921,28922,28929,28941,28942,28945,28946,28951,28955,31027,31028,31029,31030,31031,31032,31033,31034,31035,31036,31037,31038,31039,31040,31041,31042,31043,31044,31045,31046,31047,31048,31049,31050,31051,31052,31053,31054,31055,31056,31057,31058,31059,31060,31061,31062,31063,31064,31065,31066,31067,31068,31069,31070,31071,31072,31073,31074,31075,31076,31077,31078,31079,31080,31081,31082,31083,31084,31085,31086,31087,31088,31089,31090,31091,31092,31093,31094,31095,31096,31097,31098,31099,31100,31101,31102,31103,31104,31105,31106,31107,31113,31114,31117,31118,31119,31120,31121,31122,31123,31124,31125,31126,31127,31128,31129,31130,31131,31132,31133,31134,31135,31136,31137,31138,31139,31140,31141,31142,31144,31145,31146,31147,31148,31149,31150,31151,31152,31153,31154,31158,31160,31161,31162,31163,31164,31165,31166,31167,31168,31169,31170,31171,31172,31173,31174,31175,31176,31177,31178,31179,31180,31181,31182,31183,31184,31185,31186,31187,31188,31189,31190,31191,31192,31193,31194,31195,31196,31197,31198,31199,31200,31201,31202,31203,31204,31205,31206,31207,31208,31209,31210,31211,31212,31213,31214,31215,31216,31217,31218,31219,31220,31221,31222,31223,31224,31225,31226,31227,31228,31229,31230,31231,31232,31233,31234,31235,31236,31237,31238,31239,31240,31241,31242,31243,31244,31245,31246,31247,31248,31249,31250,31251,31252,31253,31254,31255,31256,31260,31261,31262,31263,31264,31265,31266,31267,31268,31269,31270,31271,31272,31273,31274,31275,31276,31277,31278,31279,31280,31281,31282,31283,31284,31285,31286,31287,31288,31289,31290,31291,31293,31294,31295,31296,31297,31298,31299,31300,31301,31302,31303,31304,31306,31307,31308,31309,31310,31311,31312,31313,31314,31315,31316,31317,31318,31319,31320,31321,31322,31323,31325,31326,31327,31328,31329,31330,31331,31332,31368,31369,31370,31372,31373,31374,31375,31376,31377,31378,31379,31380,31381,31382,31383,31384,31385,31386,31387,31389,31390,31391,31392,31393,31394,31395,31396,31397,31398,31399,31400,31401,31402,31403,31404,31405,31406,31407,31408,31409,31410,31411,31412,31413,31414,31415,31417,31418,31420,31430,31431,31432,31433,31434,31435,31436,31437,31438,31439,31440,31441,31442,31443,31444,31446,31447,31448,31449,31450,31451,31452,31453,31454,31455,31456,31457,31459,31460,31463,31464,31465,31466,31467,31468,31469,31470,31471,31472,31473,31474,31475,31476,31477,31478,31479,31481,31483,31484,31485,31486,31487,31488,31489,31490,31491,31492,31493,31494,31495,31496,31498,31499,31504,31505,31506,31507,31508,31509,31510,31511,31512,31513,31516,31517,31518,31519,31520,31521,31522,31523,31524,31526,31527,31528,31529,31531,31533,31538,31540,31541,31542,31543,31544,31545,31546,31547,31548,31549,31550,31551,31552,31553,31554,31555,31556,31559,31560,31561,31562,31563,31564,31565,31566,31567,31568,31569,31570,31571,31572,31573,31574,31575,31576,31577,31578,31579,31580,31581,31582,31583,31586,31588,31589,31590,31593,31594,31595,31596,31597,31598,31599,31600,31601,31602,31606,31607,31608,31609,31610,31611,31612,31614,31615,31616,31624,31625,31628,31630,31631,31632,31633,31634,31635,31636,31637,31638,31639,31640,31641,31642,31643,31644,31645,31646,31647,31648,31649,31650,31651,31652,31653,31654,31655,31656,31657,31658,31659,31660,31664,31667,31668,31669,31670,31671,31672,31673,31674,31675,31676,31682,31684,31685,31686,31687,31688,31689,31690,31691,31692,31693,31695,31696,31697,31698,31699,31702,31703,31704,31705,31706,31707,31708,31709,31710,31711,31712,31713,31714,31715,31716,31717,31718,31719,31720,31721,31723,31724,31729,31730,31731,31732,31733,31734,31735,31736,31762,31763,31764,31765,31766,31769,31770,31771,31772,31783,31784,31785,31786,31787,31788,31789,31791,31793,31794,31795,31796,31797,31798,31799,31800,31801,31802,31803,31813,31814,31815,31816,31817,31819,31823,31824,31826,31827,31831,31832,31833,31834,31837,31840,31841,31884,32005,32013,32014,32018,32019,32023,32024,32025,32026,32027,32107,32108,32110,32111,32203,32204,32206,32207,32208,32209,32210,32222,32227,32228,32229,32230,32231,32232,32233,32234,32237,32238,32239,32242,32248,32249,32250,32251,32258,32262,32263,32301,32302,32303,32304,32350,32351,32352,32353,32401,32402,32403,400020,400044,400045,400046,400049,400053,400054,440000,440002,450001,450002,450003,450004,450018,450019,450020,450021,450022,450023,450024,450025,450026,450027,450028,450029,450030,450031,450032,450033,450034,450035,450036,450037,450038,450039,450040,450041,450042,450043,450044,450045,450046,450047,450048,450049,450050,450051,450052,450053,450054,450055,450056,450057,450058,450059,450060,450061,450062,450063,450064,450065,450066,450067,450068,450069,450070,450071,450072,450073,450074,450075,450076,450077,450078,450079,450080,450081,450082,450083,450084,450085,450086,450087,450088,450089,450090,450091,450092,450093,450094,450095,450096,450097,450098,450099,450100,450101,450102,450103,450104,450105,450106,450107,450108,450109,450110,450111,450112,450113,450114,450115,450116,450117,450118,450119,450121,450122,450123,450124,450125,450126,450127,450128,450144,450145,450146,470000,470001,470002,470003,470016,470017,470018,470019,470020,470021,470022,470023,480000,480001,480002,480003,480012,480014,480016,480017,480018,480019,480020,480021,480054,490004,490005,490006,490007,490014,490015,490017,490018,490019,490020,490024,490025,490026,490027,490069,490070,500001,500003,500004,500007,500008,500013,500014,500017,510001,510002,510006,510008,510009,510019,510020,510022,520000,520002,530000,530002,530006,540000,540001,540004,540005,540010,540011,550001,550002,550006,550007,550008,550009,550012,550013,550014,550015,560000,560002,560004,560008,560009,570000,570002,570005,570008,570009,580000,580002,580005,580008,580009,590000,590002,590003,590006,590011,590012,600001,600004,600008,600009,600011,610000,610003,610006,610008,610009,610012,620004,630003,630006,630007,640000,640004,640005,640011,640012,650004,700001,700003,700007,700008,700009,700013,700018,700019,800002,810000,810001,820000,820001,830000,830001,830002,840000,840001,1101,1102,1103,1104,1105,1106,1107,1108,1109,1110,1111,1112,1113,1114,1115,1116,1117,1118,1119,1120,1121,1122,1123,1124,1125,1126,1127,1128,1129,1130,1131,1132,1133,1134,1135,1136,1137,1138,1139,1140,1141,1142,1143,1144,1145,1146,1147,1148,1149,1151,1152,1153,1154,1155,1156,1157,1158,1159,1160,1161,1162,1163,1164,1165,1166,1167,1168,1169,1170,1171,1172,1173,1174,1175,1176,1177,1178,1179,1180,1181,1182,1183,1184,1185,1186,1187,1188,1189,1190,1191,1192,1193,1194,1195,1196,1197,1198,1199,1201,1202,1203,1204,1205,1206,1207,1208,1209,1210,1211,1212,1213,1214,1215,1216,1217,1218,1219,1220,1221,1222,1223,1224,1225,1226,1227,1228,1229,1230,1231,1232,1233,1234,1235,1236,1237,1238,1239,1240,1241,1242,1243,1244,1245,1246,1247,1248,1249,1250,1251,1252,1253,1254,1255,1256,1257,1258,1259,1260,1261,1262,1263,1264,1265,1266,1267,1268,1269,1270,1271,1272,1273,1274,1275,1276,1277,1278,1279,1280,1281,1282,1283,1284,1285,1286,1287,1288,1289,1290,1291,1292,1293,1294,1295,1296,1297,1298,1299,1300,1301,1302,1303,1304,1305,1306,1307,1308,1309,1310,1311,1312,1313,1314,1315,1316,1317,1318,1319,1321,1322,1323,1324,1326,1333,1336,1351,1352,1353,1354,1355,1356,1357,1358,1359,1360,1361,1362,1363,1364,1365,1366,1367,1368,1369,1370,1371,1372,1373,1374,1375,1376,1377,1378,1379,1380,1381,1382,1383,1384,1385,1386,1387,1388,1389,1390,1391,1392,1393,1394,1395,1396,1397,1398,1399,1400,1401,1402,1403,1404,1405,1406,1407,1408,1409,1410,1411,1412,1413,1414,1415,1416,1417,1418,1419,1420,1421,1422,1423,1424,1425,1426,1427,1428,1429,1430,1431,1432,1433,1434,1435,1436,1437,1438,1439,1440,1441,1442,1443,1445,1446,1447,1448,1449,1450,1451,1452,1453,1454,1455,1456,1457,1458,1459,1460,1461,1462,1463,1464,1465,1466,1467,1468,1469,1470,1471,1472,1473,1474,1475,1476,1477,1478,1479,1480,1481,1482,1483,1484,1485,1486,1487,1488,1489,1490,1491,1492,1493,1494,1495,1496,1497,1498,1499,1501,1502,1503,1504,1505,1506,1507,1508,1509,1510,1511,1512,1513,1514,1515,1516,1517,1518,1519,1520,1521,1522,1523,1524,1525,1526,1527,1528,1529,1530,1531,1532,1533,1534,1535,1536,1537,1538,1539,1540,1541,1542,1543,1544,1545,1546,1547,1548,1549,1550,1551,1552,1553,1554,1555,1556,1557,1558,1559,1560,1561,1562,1563,1564,1565,1566,1567,1568,1569,1570,1571,1572,1573,1574,1575,1576,1577,1578,1579,1580,1581,1582,1583,1584,1585,1586,1587,1588,1589,1590,1591,1592,1593,1594,1595,1596,1597,1598,1599,1600,1601,1602,1603,1604,1605,1606,1607,1608,1609,1610,1611,1612,1613,1614,1615,1616,1617,1618,1619,1620,1621,1622,1623,1624,1625,1626,1627,1628,1629,1630,1631,1632,1633,1634,1635,1636,1637,1638,1639,1640,1641,1642,1643,1644,1645,1646,1647,1648,1649,1650,1651,1652,1653,1654,1655,1656,1657,1658,1659,1660,1661,1662,1663,1664,1665,1666,1667,1668,1669,1670,1671,1673,1674,1675,1676,1677,1678,1679,1680,1681,1682,1683,1684,1685,1686,1687,1690,1691,1692,1693,1694,1695,1696,1697,1698,1699,1701,1702,1703,1704,1705,1706,1707,1708,1709,1710,1711,1712,1713,1714,1715,1716,1718,1719,1720,1721,1722,1723,1724,1725,1726,1727,1728,1729,1730,1731,1732,1733,1734,1735,1736,1737,1738,1739,1740,1741,1742,1743,1744,1745,1746,1747,1748,1749,1800,1801,1802,1803,1804,1805,1806,1807,1808,1809,1810,1811,1812,1813,1814,1815,1816,1817,1818,1819,1820,1821,1822,1823,1824,1825,1826,1827,1828,1829,1830,1831,1832,1833,1834,1835,1836,1837,1838,1839,1840,1841,1846,1847,1862,1865,1866,1867,1870,1900,1901,1902,1903,1904,1905,1906,1907,1908,1909,1910,1911,1912,1913,1914,1915,1916,1917,1918,1919,1920,1921,1922,1923,1924,1925,1926,1927,1928,1929,1930,1931,1932,1933,1934,1935,1936,1937,1938,1939,1940,1941,1942,1944,1950,1951,1952,1953,1954,1955,1956,1957,1958,1959,1960,1961,1962,1963,1964,1965,1966,1967,1968,1969,1970,1971,1972,1973,1974,1975,1976,1977,1978,1979,1980,1981,1982,1983,1984,1985,1986,1987,1988,1989,1990,1991,1992,1994,1995,1996,1997,2000,2001,2002,2003,2004,2005,2006,2007,2008,2009,2010,2011,2012,2013,2014,2015,2016,2017,2018,2019,2020,2021,2022,2023,2024,2025,2026,2027,2030,2032,2039,2046,2048,2049,2051,2053,2054,2055,2056,2057,2058,2060,2101,2102,2103,2104,2105,2106,2107,2108,2109,2110,2111,2112,2113,2114,2115,2116,2117,2118,2119,2120,2121,2122,2123,2124,2125,2126,2127,2128,2129,2130,2131,2132,2133,2134,2135,2136,2137,2138,2139,2140,2141,2142,2143,2144,2145,2146,2147,2148,2149,2150,2151,2152,2153,2154,2155,2156,2157,2158,2159,2160,2161,2162,2163,2164,2165,2166,2167,2168,2169,2170,2171,2172,2173,2174,2175,2176,2177,2178,2179,2180,2181,2182,2183,2185,2186,2187,2188,2189,2190,2195,2196,2198,2199,2201,2202,2203,2204,2205,2206,2207,2208,2209,2210,2211,2212,2213,2214,2215,2216,2217,2218,2219,2220,2221,2222,2223,2224,2225,2226,2227,2228,2229,2230,2231,2232,2233,2234,2235,2236,2237,2238,2239,2240,2241,2242,2243,2244,2245,2246,2247,2248,2249,2250,2251,2252,2253,2254,2255,2256,2257,2258,2259,2260,2261,2262,2263,2264,2265,2266,2267,2268,2269,2270,2271,2272,2273,2274,2275,2276,2277,2278,2279,2280,2281,2282,2283,2284,2285,2286,2287,2288,2289,2290,2291,2292,2293,2294,2295,2296,2297,2298,2299,2301,2302,2303,2304,2305,2306,2307,2308,2309,2310,2311,2312,2313,2314,2315,2316,2317,2318,2319,2320,2321,2322,2323,2324,2325,2326,2327,2328,2329,2330,2331,2332,2333,2334,2335,2336,2337,2338,2339,2340,2341,2342,2343,2344,2345,2346,2347,2348,2349,2350,2351,2352,2353,2354,2355,2356,2357,2358,2359,2360,2361,2362,2363,2364,2365,2366,2367,2368,2369,2370,2371,2372,2373,2374,2375,2376,2377,2378,2379,2380,2381,2382,2383,2384,2385,2386,2387,2388,2389,2390,2391,2392,2393,2394,2395,2396,2397,2398,2399,2401,2402,2403,2404,2405,2406,2407,2408,2409,2410,2411,2412,2413,2414,2415,2416,2417,2418,2419,2420,2421,2422,2423,2424,2425,2426,2427,2428,2429,2430,2431,2432,2433,2434,2435,2436,2437,2438,2439,2440,2441,2442,2443,2444,2445,2446,2447,2448,2449,2450,2451,2452,2453,2454,2455,2456,2457,2458,2459,2460,2461,2462,2463,2464,2465,2466,2467,2468,2469,2470,2471,2472,2473,2474,2475,2476,2477,2478,2479,2480,2481,2482,2483,2484,2485,2486,2487,2488,2489,2491,2492,2493,2494,2495,2496,2497,2498,2499,2501,2502,2503,2504,2505,2506,2507,2508,2509,2510,2511,2512,2513,2514,2515,2516,2517,2518,2519,2520,2521,2522,2523,2524,2525,2526,2527,2528,2529,2530,2531,2532,2533,2534,2535,2536,2537,2538,2539,2540,2541,2542,2543,2544,2545,2546,2547,2548,2549,2550,2551,2552,2553,2554,2555,2556,2557,2558,2559,2560,2561,2562,2563,2564,2565,2566,2567,2568,2569,2570,2571,2572,2573,2574,2575,2576,2577,2578,2579,2580,2581,2582,2583,2584,2585,2586,2587,2588,2589,2590,2591,2592,2593,2594,2597,2598,2599,2601,2602,2603,2604,2605,2607,2608,2609,2610,2611,2612,2613,2614,2615,2616,2617,2618,2619,2620,2621,2622,2623,2624,2625,2626,2627,2628,2629,2630,2631,2632,2633,2634,2635,2636,2637,2638,2639,2640,2641,2642,2643,2644,2645,2646,2647,2648,2649,2650,2651,2652,2653,2654,2655,2656,2657,2658,2659,2660,2661,2662,2663,2664,2665,2666,2667,2668,2669,2670,2671,2672,2673,2674,2675,2676,2677,2678,2679,2680,2681,2682,2683,2684,2685,2686,2687,2688,2689,2690,2691,2692,2693,2694,2695,2696,2697,2698,2699,2700,2701,2702,2703,2704,2705,2706,2707,2708,2709,2710,2711,2712,2713,2714,2715,2716,2717,2718,2719,2720,2721,2722,2723,2724,2725,2726,2727,2728,2729,2730,2731,2732,2733,2734,2735,2736,2737,2738,2739,2740,2741,2742,2743,2744,2745,2746,2747,2748,2749,2750,2751,2752,2753,2754,2755,2756,2757,2758,2759,2760,2761,2762,2763,2764,2765,2766,2767,2768,2769,2770,2771,2772,2773,2774,2775,2776,2777,2778,2779,2780,2781,2782,2783,2784,2785,2786,2787,2788,2789,2790,2791,2792,2793,2794,2795,2796,2797,2798,2799,2800,2801,2802,2803,2804,2805,2806,2807,2808,2809,2810,2811,2812,2813,2814,2815,2816,2817,2818,2819,2820,2821,2822,2823,2824,2825,2826,2827,2828,2829,2830,2831,2832,2833,2834,2835,2836,2837,2838,2839,2840,2841,2842,2843,2844,2845,2846,2847,2848,2849,2850,2851,2852,2853,2854,2855,2856,2857,2858,2859,2860,2861,2862,2863,2864,2865,2866,2867,2868,2869,2870,2871,2872,2873,2874,2875,2876,2877,2878,2879,2880,2881,2882,2883,2884,2885,2886,2887,2888,2889,2890,2891,2892,2893,2894,2895,2896,2897,2898,2899,2900,2901,2902,2903,2904,2905,2906,2907,2908,2909,2910,2911,2912,2913,2914,2915,2916,2917,2918,2919,2920,2921,2922,2923,2924,2925,2926,2927,2928,2935,2936,2940,2941,2942,2943,2944,2945,2946,2948,2949,2950,2951,2952,2953,2954,2956,2957,2958,2959,2960,2963,2964,2966,2967,2968,2969,2971,2976,2977,2978,2979,2980,2981,2983,2984,2985,2986,2987,2988,2989,2990,2991,2992,2995,2996,2997,2998,2999,5001,5002,5003,5004,5005,5006,5007,5008,5009,5010,5011,5012,5013,5014,5015,5016,5017,5018,5019,5020,5021,5022,5023,5024,5025,5026,5027,5028,5029,5030,5031,5032,5033,5034,5035,5036,5037,5038,5039,5040,5041,5042,5043,5044,5045,5046,5047,5048,5049,5050,5051,5052,5053,5054,5055,5056,5057,5058,5059,5060,5061,5062,5063,5064,5065,5066,5067,5068,5069,5070,5071,5072,5073,5074,5075,5076,5077,5078,5079,5080,5081,5082,5083,5084,5085,5086,5087,5088,5089,5090,5091,5092,5093,5094,5095,5096,5097,5098,5099,5100,5101,5102,5103,5104,5105,5106,5107,5108,5109,5110,5111,5112,5113,5114,5115,5116,5117,5118,5119,5120,5121,5122,5123,5124,5125,5126,5127,5128,5129,5130,5131,5132,5133,5134,5135,5136,5137,5138,5139,5140,5141,5142,5143,5144,5145,5146,5147,5148,5149,5150,5151,5152,5153,5154,5155,5156,5157,5158,5159,5160,5161,5162,5163,5164,5165,5166,5167,5168,5169,5170,5171,5172,5173,5174,5175,5176,5177,5178,5179,5180,5181,5182,5183,5184,5185,5186,5187,5188,5189,5190,5191,5192,5193,5194,5195,5196,5197,5198,5199,5200,5201,5202,5203,5204,5205,5206,5207,5208,5209,5210,5211,5212,5213,5214,5215,5216,5217,5218,5219,5220,5221,5222,5223,5224,5225,5226,5227,5228,5229,5230,5231,5232,5233,5234,5235,5236,5237,5238,5239,5240,5241,5242,5243,5244,5245,5246,5247,5248,5249,5250,5251,5252,5253,5254,5255,5256,5257,5258,5259,5260,5261,5262,5263,5264,5265,5266,5267,5268,5269,5270,5271,5272,5273,5274,5275,5276,5277,5278,5279,5280,5281,5282,5283,5284,5285,5286,5287,5288,5289,5290,5291,5292,5293,5294,5295,5296,5297,5298,5299,5300,5301,5302,5303,5304,5305,5306,5307,5308,5309,5310,5311,5312,5313,5314,5315,5316,5317,5318,5319,5320,5321,5322,5323,5324,5325,5326,5327,5328,5329,5330,5331,5332,5333,5334,5335,5336,5337,5338,5339,5340,5341,5342,5343,5344,5345,5346,5347,5348,5349,5350,5351,5352,5353,5354,5355,5356,5357,5358,5359,5360,5361,5362,5363,5364,5365,5366,5367,5368,5369,5370,5371,5372,5373,5374,5375,5376,5377,5378,5379,5380,5381,5382,5383,5384,5385,5386,5387,5388,5389,5390,5391,5392,5393,5394,5395,5396,5397,5398,5399,5400,5401,5402,5403,5404,5405,5406,5407,5408,5409,5410,5411,5412,5413,5414,5415,5416,5417,5418,5419,5420,5421,5422,5423,5424,5425,5426,5427,5428,5429,5430,5431,5432,5433,5434,5435,5436,5437,5438,5439,5440,5441,5442,5443,5444,5445,5446,5447,5448,5449,5450,5451,5452,5453,5454,5455,5456,5457,5458,5459,5460,5461,5462,5463,5464,5465,5466,5467,5468,5469,5470,5471,5472,5473,5474,5475,5476,5477,5478,5479,5480,5481,5482,5483,5484,5485,5486,5487,5488,5489,5490,5491,5492,5493,5494,5495,5496,5497,5498,5499,5500,5501,5502,5503,5504,5505,5506,5507,5508,5509,5510,5511,5512,5513,5514,5515,5516,5517,5518,5519,5520,5521,5522,5523,5524,5525,5526,5527,5528,5529,5530,5531,5532,5533,5534,5535,5536,5537,5538,5539,5540,5541,5542,5543,5544,5545,5546,5547,5548,5549,5550,5551,5552,5553,5554,5555,5556,5557,5558,5559,5560,5561,5562,5563,5564,5565,5566,5567,5568,5569,5570,5571,5572,5573,5574,5575,5576,5577,5578,5579,5580,5581,5582,5583,5584,5585,5586,5587,5588,5589,5590,5591,5592,5593,5594,5595,5596,5597,5598,5599,5600,5601,5602,5603,5604,5605,5606,5607,5608,5609,5610,5611,5612,5613,5614,5615,5616,5617,5618,5619,5620,5621,5622,5623,5624,5625,5626,5627,5628,5629,5630,5631,5632,5633,5634,5635,5636,5637,5638,5639,5640,5641,5642,5643,5644,5645,5646,5647,5648,5649,5650,5651,5652,5653,5654,5655,5656,5657,5658,5659,5660,5661,5662,5663,5664,5665,5666,5667,5668,5669,5670,5671,5672,5673,5674,5675,5676,5677,5678,5679,5680,5681,5682,5683,5684,5685,5686,5687,5688,5689,5690,5691,5692,5693,5694,5695,5696,5697,5698,5699,5700,5701,5702,5703,5704,5705,5706,5707,5708,5709,5710,5711,5712,5713,5714,5715,5716,5717,5718,5719,5720,5721,5722,5723,5724,5725,5726,5727,5728,5729,5730,5731,5732,5733,5734,5735,5736,5737,5738,5739,5740,5741,5742,5743,5744,5745,5746,5747,5748,5749,5750,5751,5752,5753,5754,5755,5756,5757,5758,5759,5760,5761,5762,5763,5764,5765,5766,5767,5768,5769,5770,5771,5772,5773,5774,5775,5776,5777,5778,5779,5780,5781,5782,5783,5784,5785,5786,5787,5788,5789,5790,5791,5792,5793,5794,5795,5796,5797,5798,5799,5800,5801,5802,5803,5804,5805,5806,5807,5808,5809,5810,5811,5812,5813,5814,5815,5816,5817,5818,5819,5820,5821,5822,5823,5824,5825,5826,5827,5828,5829,5830,5831,5832,5833,5834,5835,5836,5837,5838,5839,5840,5841,5842,5843,5844,5845,5846,5847,5848,5849,5850,5851,5852,5853,5855,5856,5857,5858,5859,5864,5868,5869,5870,5871,5873,5874,5875,5881,5882,5883,5884,5885,5886,5887,5892,5893,5894,5895,5900,5901,5902,5903,5904,5905,5906,5907,5909,5914,5917,5918,5919,5920,5933,5937,5938,5943,5945,5965,5966,5967,5968,5969,5971,5972,5973,5978,5979,5980,5985,13000,13001,13002,13003,13004,13005,13006,13007,13008,13009,13010,13011,13012,13013,13014,13015,13016,13017,13018,13019,13020,13021,13022,13023,13024,13025,13026,13027,13028,13029,13030,13031,13032,13033,13034,13035,13036,13037,13038,13039,13040,13041,13042,13043,13044,13045,13046,13047,13048,13049,13050,13051,13052,13053,13054,13055,13056,13057,13058,13059,13060,13061,13062,13063,13064,13065,13066,13067,13068,13069,13070,13071,13072,13073,13074,13075,13076,13077,13078,13079,13081,13083,13085,13086,13088,13089,13090,13092,13093,13094,13096,13097,13098,13099,13100,13101,13102,13103,13104,13105,13106,13107,13108,13109,13110,13111,13112,13113,13114,13115,13116,13117,13118,13119,13120,13122,13124,13125,13126,13127,13128,13129,13138,13146,13150,13151,13152,13153,13154,13155,13156,13157,13158,13159,13160,13161,13162,13163,13164,13165,13166,13167,13168,13169,13170,13171,13172,13173,13174,13175,13176,13177,13178,13179,13180,13181,13182,13183,13184,13185,13186,13187,13189,13190,13192,13193,13194,13195,13196,13197,13198,13199,13300,13301,13302,13303,13304,13305,13306,13307,13308,13309,13310,13311,13312,13313,13314,13315,13316,13317,13321,13322,13323,13327,13328,13329,13332,13337,13338,13345,13346,13347,13400,13401,13402,13403,13404,13405,13406,13407,13408,13409,13410,13411,13412,13413,13414,13415,13416,13417,13418,13419,13420,13421,13422,13423,13424,13425,13426,13427,13428,13429,13430,13431,13432,13433,13434,13435,13436,13437,13438,13439,13440,13441,13442,13444,13445,13446,13447,13448,13449,13450,13451,13452,13453,13454,13455,13456,13457,13460,13461,13462,13469,13473,13474,13475,13476,13477,13478,13479,13480,13481,13482,13483,13485,13492,13493,13495,13497,13498,13499,15000,15001,15002,15003,15004,15005,15006,15007,15008,15009,15010,15011,15012,15013,15014,15015,15016,15017,15018,15019,15020,15021,15022,15023,15024,15025,15026,15027,15028,15029,15030,15031,15032,15033,15034,15035,15036,15037,15038,15039,15040,15041,15042,15043,15044,15045,15046,15047,15048,15049,15050,15051,15052,15053,15054,15055,15056,15057,15058,15059,15060,15061,15062,15063,15064,15066,15067,15068,15069,15070,15071,15072,15073,15074,15087,15088,15089,15090,15091,15093,15094,15095,15096,15097,15098,15100,15101,15102,15103,15104,15105,15106,15108,15110,15111,15116,15117,15121,15123,15125,15126,15128,15129,15138,15141,15143,15144,15145,15146,15147,15150,15151,15152,15153,15154,15155,15156,15162,15163,15164,15165,15166,15169,15174,15175,15176,15177,15178,15179,15180,15181,15182,15183,15184,15185,15186,15189,15191,15195,15204,15205,15209,15212,15250,15278,15279,15280,15283,15346,15347,15348,15352,15353,15354,15376,15377,15378,15379,15380,15384,15388,15389,15391,15392,15393,15394,15395,15396,15397,15398,15399,15400,15401,15402,15405,15409,15417,15419,15420,16000,16001,16002,16003,16004,16005,16006,16007,16008,16009,16010,16011,16012,16013,16014,16015,16016,16017,16018,16019,16020,16021,16022,16023,16024,16025,16026,16027,16028,16029,16030,16031,16032,16033,16034,16035,16036,16037,16038,16039,16040,16041,16043,16048,16051,16060,16063,16065,16088,16089,16092,16093,16094,16095,16096,16099,18100,18101,18102,18103,18104,18105,18106,18107,18108,18109,18110,18111,18112,18113,18114,18115,18116,18117,18118,18119,18120,18121,18122,18123,18124,18125,18126,18127,18128,18130,18132,18137,18138,18139,18140,18145,18149,18164,18170,18174,18178,18179,18180,18184,18185,18186,18187,18188,18190,18191,18198,18500,18501,18502,18503,18504,18505,18506,18507,18508,18509,18510,18511,18512,18513,18514,18515,18516,18517,18518,18519,18520,18521,18522,18523,18524,18525,18526,18527,18528,18529,18530,18531,18532,18533,18534,18535,18536,18537,18538,18539,18540,18541,18542,18543,18544,18545,18546,18547,18548,18549,18550,18551,18552,18553,18554,18555,18556,18557,18558,18559,18560,18561,18562,18563,18564,18565,18566,18567,18568,18569,18570,18571,18572,18573,18574,18575,18576,18577,18578,18579,18580,18581,18582,18583,18584,18585,18586,18587,18588,18589,18590,18591,18592,18593,18594,18595,18596,18597,18598,18599,18600,18601,18602,18603,18604,18605,18606,18607,18608,18609,18610,18611,18612,18613,18614,18615,18616,18617,18618,18619,18620,18621,18622,18623,18624,18625,18626,18627,18628,18629,18630,18631,18632,18633,18634,18635,18636,18637,18638,18639,18640,18641,18642,18643,18644,18645,18646,18647,18648,18649,18650,18651,18652,18653,18655,18656,18657,18658,18659,18660,18661,18662,18663,18664,18665,18666,18667,18668,18669,18670,18671,18672,18673,18674,18675,18676,18677,18678,18679,18680,18681,18682,18683,18684,18685,18686,18687,18688,18689,18690,18691,18692,18693,18694,18695,18696,18697,18698,18699,18700,18701,18702,18703,18704,18706,18707,18708,18709,18710,18711,18712,18713,18714,18715,18716,18718,18724,18727,18728,18729,18730,18732,18733,18734,18736,18737,18739,18740,18741,18742,18743,18744,18745,18746,18747,18748,18749,18750,18752,18753,18754,18755,18756,18758,18759,18760,18761,18762,18763,18764,18765,18766,18767,18768,18769,18770,18771,18772,18773,18774,18775,18776,18779,18780,18781,18782,18785,18786,18787,18790,18791,18792,18793,18796,18803,18805,18806,18807,18808,18810,18813,18814,18815,18816,18817,18818,18819,18820,18821,18823,18827,18828,18829,18830,18831,18832,18839,18841,18842,18843,18844,18845,18846,18847,18848,18849,18850,18851,18852,18853,18854,18855,18856,18857,18858,18859,18860,18861,18863,18864,18865,18867,18868,18870,18871,18872,18873,18874,18877,18878,18879,18880,18882,18885,18887,18888,18889,18890,18891,18892,18893,18894,18895,18896,18897,18898,18900,18901,18902,18908,18909,18910,18917,18918,18925,18929,18930,18931,18932,18933,18934,18936,18937,18938,18940,18947,18948,18949,18960,18970,18971,18972,18973,18974,18975,18976,18977,18978,18979,18980,18981,18982,18983,18984,18985,18987,18997,19019,19020,19021,19022,19024,19026,19030,19031,19033,19038,19039,19047,19048,19050,19051,19052,19053,19079,19081,19082,19083,19084,19085,19086,19087,19088,19089,19090,19091,19092,19093,19094,19095,19101,19102,19109,19111,19112,19114,19115,19116,19117,19118,19125,19126,19128,19129,19130,19131,19132,19133,19134,19137,19138,19139,19140,19141,19142,19143,19144,19145,19146,19147,19148,19149,19150,19151,19152,19153,19154,19155,19156,19157,19158,19159,19162,19164,19165,19166,19168,19171,19172,19173,19176,19177,19178,19179,19180,19181,19189,19190,19191,19192,19193,19194,19195,19196,19197,19198,19199,19200,19201,19202,19203,19204,19205,19209,19210,19223,19241,19242,19246,19247,19266,19267,19269,19272,19273,19274,19285,19289,19291,19294,19299,19306,19310,19326,19327,19329,19337,19342,19343,19344,19366,19379,19380,19381,19387,19391,19396,19397,19407,19409,19426,19428,19433,19451,19453,19469,19472,19474,19475,19476,19477,19478,19479,19480,19481,19482,19483,19484,19485,19486,19487,19488,19489,19490,19491,19492,19500,19501,19502,19503,19504,19505,19506,19507,19508,19509,19510,19511,19512,19513,19514,19515,19516,19517,19518,19519,19520,19521,19522,19523,19524,19525,19526,19527,19528,19529,19530,19531,19532,19533,19534,19535,19536,19537,19538,19539,19540,19541,19542,19543,19544,19545,19546,19547,19548,19549,19550,19551,19552,19553,19554,19555,19556,19557,19558,19559,19560,19561,19562,19563,19564,19565,19566,19567,19568,19569,19570,19571,19572,19573,19574,19575,19576,19577,19578,19579,19580,19581,19582,19583,19584,19585,19586,19587,19588,19589,19590,19591,19592,19593,19594,19595,19596,19597,19598,19599,19600,19601,19602,19603,19604,19605,19606,19607,19608,19609,19610,19611,19612,19613,19614,19615,19616,19617,19618,19619,19620,19621,19622,19623,19624,19625,19627,19628,19629,19630,19631,19632,19633,19634,19635,19636,19637,19638,19639,19640,19641,19642,19643,19644,19645,19646,19647,19648,19649,19650,19651,19652,19653,19654,19655,19656,19657,19658,19659,19660,19661,19662,19663,19664,19665,19666,19667,19668,19669,19670,19671,19672,19676,19677,19678,19682,19684,19685,19686,19687,19689,19690,19694,19695,19696,19697,19701,19702,19706,19707,19708,19709,19710,19712,19713,19714,19715,19716,19717,19718,19719,19720,19721,19722,19723,19724,19725,19726,19727,19728,19729,19730,19731,19732,19733,19734,19735,19736,19737,19738,19739,19741,19742,19743,19744,19745,19746,19747,19748,19749,19750,19751,19752,19753,19754,19755,19756,19757,19758,19759,19760,19761,19762,19763,19764,19765,19767,19768,19769,19770,19771,19772,19773,19774,19775,19776,19777,19778,19779,19780,19781,19782,19783,19784,19785,19786,19787,19788,19789,19790,19791,19792,19793,19794,19795,19796,19797,19798,19799,19800,19801,19802,19803,19804,19805,19806,19807,19808,19810,19811,19812,19813,19814,19815,19816,19817,19818,19819,19821,19822,19823,19824,19825,19826,19827,19828,19829,19830,19831,19832,19833,19834,19835,19836,19837,19839,19841,19842,19843,19844,19845,19846,19847,19848,19849,19850,19851,19852,19853,19854,19856,19857,19858,19859,19860,19861,19862,19863,19864,19865,19866,19871,19874,19876,19878,19882,19883,19884,19885,19886,19887,19888,19889,19902,19903,19910,19912,19913,19914,19916,19917,19918,19919,19920,19922,19925,19928,19929,19930,19931,19932,19934,19935,19936,19937,19938,19939,19941,19949,19952,19953,19954,19955,19956,19957,19958,19959,19960,19961,19962,19963,19964,19965,19966,19967,19968,19969,19970,19971,19972,19973,19974,19976,19977,19978,19979,19980,19982,19983,19984,19985,19986,19987,19988,19989,19990,19991,19992,19994,19996,19997,19998,19999,20000,20001,20002,20003,20004,20005,20006,20007,20008,20009,20010,20011,20012,20013,20014,20015,20016,20017,20018,20019,20020,20021,20022,20023,20024,20025,20026,20027,20028,20029,20030,20031,20032,20033,20034,20035,20036,20037,20038,20039,20040,20041,20042,20043,20044,20045,20046,20047,20048,20049,20050,20051,20052,20053,20054,20055,20056,20057,20058,20059,20060,20061,20062,20063,20064,20065,20066,20067,20068,20069,20070,20071,20073,20074,20075,20076,20077,20078,20079,20080,20081,20082,20083,20084,20085,20086,20087,20088,20089,20090,20091,20092,20093,20094,20095,20096,20097,20098,20099,20100,20101,20102,20103,20104,20105,20106,20107,20108,20109,20110,20111,20112,20113,20114,20115,20116,20117,20118,20119,20120,20121,20122,20123,20124,20125,20126,20127,20128,20129,20130,20131,20132,20133,20134,20135,20136,20137,20138,20139,20140,20141,20142,20143,20144,20145,20146,20147,20148,20149,20150,20151,20152,20153,20154,20155,20156,20157,20158,20159,20160,20161,20162,20163,20164,20165,20166,20167,20168,20169,20170,20171,20172,20173,20174,20175,20176,20177,20178,20179,20180,20181,20182,20183,20184,20185,20186,20187,20188,20189,20190,20191,20192,20193,20194,20195,20196,20197,20198,20199,20200,20201,20202,20203,20204,20205,20206,20207,20208,20209,20210,20211,20212,20213,20214,20215,20216,20217,20218,20219,20220,20221,20222,20223,20224,20225,20226,20227,20228,20230,20231,20232,20233,20234,20235,20236,20237,20238,20239,20240,20241,20242,20243,20244,20245,20246,20247,20248,20249,20250,20251,20252,20253,20254,20255,20256,20257,20258,20259,20260,20262,20263,20264,20265,20266,20267,20268,20269,20270,20271,20272,20273,20274,20277,20278,20279,20280,20281,20282,20283,20284,20285,20286,20287,20288,20291,20292,20293,20294,20295,20296,20297,20298,20299,20300,20301,20302,20303,20304,20305,20307,20311,20312,20313,20314,20315,20316,20317,20318,20319,20320,20321,20322,20323,20324,20325,20326,20327,20328,20329,20330,20331,20332,20333,20334,20335,20338,20339,20340,20341,20342,20344,20345,20346,20347,20348,20349,20350,20351,20352,20353,20354,20355,20356,20357,20358,20359,20360,20361,20362,20363,20364,20365,20366,20367,20368,20369,20370,20371,20372,20373,20374,20375,20376,20377,20378,20379,20380,20381,20382,20383,20384,20386,20391,20392,20393,20394,20395,20396,20397,20398,20399,20400,20401,20402,20403,20404,20405,20406,20407,20408,20409,20416,20417,20418,20419,20420,20421,20422,20423,20424,20425,20426,20427,20428,20429,20430,20431,20432,20433,20434,20435,20436,20437,20438,20439,20440,20441,20442,20446,20447,20448,20449,20450,20451,20452,20455,20456,20457,20458,20459,20460,20461,20462,20463,20464,20465,20466,20467,20468,20470,20481,20482,20483,20486,20487,20488,20489,20490,20491,20492,20493,20495,20496,20497,20498,20499,20500,20502,20504,20506,20507,20508,20509,20510,20511,20512,20514,20515,20516,20517,20519,20522,20524,20530,20533,20535,20537,20538,20543,20546,20547,20548,20570,20572,20576,20582,20584,20586,20588,20592,20600,20700,20701,20702,20703,20704,20706,20707,20709,20710,20711,20712,20714,20716,20717,20718,20721,20724,20725,20726,20727,20728,20730,20732,20733,20737,20743,20744,20746,20748,20749,20753,20756,20761,20762,20763,20764,20765,20773,20778,20779,20780,20781,20782,20783,20787,20788,20789,20790,20797,20798,20799,20800,20813,20814,20815,20819,20820,20821,20822,20823,20824,20825,20826,20830,20831,20834,20835,20836,20837,20838,20840,20842,20843,20844,20845,20846,20847,20856,20859,20860,20863,20906,20922,20923,20925,20931,20932,20933,20934,20935,20936,20937,20941,20942,20943,20944,20946,20947,20948,20949,20952,20962,20963,20964,20965,20966,20967,20968,20969,21000,21001,21002,21003,21004,21005,21006,21007,21008,21009,21010,21011,21012,21013,21014,21015,21016,21018,21019,21038,21039,21047,21050,21051,21052,21054,21055,21058,22000,22001,22002,22003,22004,22005,22006,22007,22008,22009,22010,22011,22012,22014,22015,22016,22017,22018,22032,22033,22034,22035,22036,22037,22042,22043,22044,22045,22046,22047,22059,22064,22066,22067,22069,22072,22075,22076,22077,22078,22079,22080,22081,22082,22083,22084,22085,22089,22101,22103,22104,22106,22107,22108,22109,22110,22111,22112,22113,22114,22115,22116,22117,22118,22120,22122,22123,22124,22125,22126,22131,22133,22134,22138,22141,22145,22170,22171,22172,22173,22189,22190,22192,22195,22196,22197,22198,22199,22200,22201,22207,22208,22209,22210,22214,22238,24000,24001,24002,24003,24004,24005,24006,24007,24008,24009,24010,24011,24012,24013,24014,24015,24016,24017,24018,24019,24020,24021,24022,24023,24024,24025,24026,24027,24028,24029,24030,24031,24032,24033,24034,24035,24036,24037,24038,24039,24040,24041,24042,24043,24044,24045,24046,24047,24048,24049,24050,24051,24052,24053,24054,24055,24056,24057,24058,24059,24060,24061,24062,24063,24064,24065,24066,24067,24068,24069,24070,24071,24072,24073,24074,24075,24076,24077,24078,24079,24080,24081,24082,24083,24084,24085,24086,24087,24088,24089,24090,24091,24092,24093,24094,24095,24096,24097,24098,24099,24100,24101,24102,24103,24104,24105,24106,24107,24108,24109,24110,24111,24112,24113,24114,24115,24116,24117,24118,24119,24120,24121,24122,24123,24124,24125,24126,24127,24128,24129,24130,24131,24132,24133,24134,24135,24136,24137,24138,24139,24140,24141,24142,24143,24144,24145,24146,24147,24148,24149,24150,24151,24152,24153,24154,24155,24156,24157,24158,24159,24160,24161,24162,24163,24164,24165,24166,24167,24168,24169,24170,24171,24172,24173,24174,24175,24176,24177,24178,24179,24180,24181,24182,24183,24184,24185,24186,24187,24188,24189,24190,24191,24192,24193,24194,24195,24196,24197,24198,24199,24200,24201,24202,24203,24204,24205,24206,24207,24208,24209,24210,24211,24212,24213,24214,24215,24216,24217,24218,24219,24220,24221,24222,24223,24224,24225,24226,24227,24228,24229,24230,24231,24232,24233,24234,24235,24236,24237,24238,24239,24240,24241,24242,24243,24244,24245,24246,24247,24248,24249,24250,24251,24252,24253,24254,24255,24256,24257,24258,24259,24260,24261,24262,24263,24264,24265,24266,24267,24268,24269,24270,24271,24272,24273,24274,24275,24276,24277,24278,24279,24280,24281,24282,24283,24284,24285,24286,24287,24288,24289,24290,24291,24292,24293,24294,24295,24296,24297,24298,24299,24300,24301,24302,24303,24304,24305,24306,24307,24308,24309,24310,24311,24312,24313,24314,24315,24316,24317,24318,24319,24320,24321,24322,24323,24324,24325,24326,24327,24328,24329,24330,24331,24332,24333,24334,24335,24336,24337,24338,24339,24340,24341,24342,24343,24344,24345,24346,24347,24348,24349,24350,24351,24352,24353,24354,24355,24356,24357,24358,24359,24360,24361,24362,24363,24364,24365,24366,24367,24368,24369,24370,24371,24372,24373,24374,24375,24376,24377,24378,24379,24380,24381,24382,24383,24384,24385,24386,24387,24388,24389,24390,24391,24392,24393,24394,24395,24396,24397,24398,24399,24400,24401,24402,24403,24404,24405,24406,24407,24408,24409,24410,24411,24412,24413,24414,24415,24416,24417,24418,24419,24420,24421,24423,24424,24425,24426,24427,24428,24429,24430,24431,24432,24433,24434,24435,24436,24437,24438,24439,24440,24441,24442,24443,24444,24445,24446,24447,24448,24449,24450,24451,24452,24453,24454,24455,24456,24457,24458,24459,24460,24461,24462,24463,24464,24465,24466,24467,24468,24469,24470,24471,24472,24473,24474,24475,26007,26016,26100,26101,26107,26109,26110,26111,26118,26138,26139,26151,26154,26155,26158,26159,26160,26161,26162,26164,26165,26166,26172,26200,26212,26213,26215,26216,28000,28001,28002,28005,28006,28007,28008,28010,28011,28022,28023,28038,28039,28042,28044,28045,28046,28100,28101,28102,28103,28104,28105,28106,28107,28110,28116,28130,28136,28138,28140,28141,28200,28201,28202,28203,28204,28223,28224,28225,28226,28240,28241,28242,28243,28244,28253,28254,28255,28256,28257,28258,28302,28303,28304,28305,28306,28310,28311,28315,28316,28317,28318,28320,28321,28322,28326,28327,28332,28333,28342,28352,28353,28354,28355,28356,28357,28358,28359,28370,28371,28372,28374,28377,28379,28380,28381,28382,28386,28391,28392,28410,28411,28413,28414,28415,28416,28417,28418,28419,28420,28421,28422,28423,28424,28425,28426,28429,28430,28433,28434,28437,28438,28439,28441,28442,28443,28444,28445,28446,28447,28448,28449,28450,28451,28452,28453,28454,28455,28456,28457,28458,28459,28460,28461,28462,28463,28464,28465,28466,28467,28468,28469,28470,28471,28472,28483,28484,28485,28491,28492,28495,28496,28499,28500,28501,28502,28503,28506,28507,28508,28509,28510,28513,28520,28521,28531,28533,28551,28564,28565,28566,28573,28575,28594,28598,28600,28601,28602,28604,28605,28606,28608,28612,28618,28619,28626,28629,28630,28631,28633,28635,28636,28700,28701,28702,28703,28705,28706,28717,28721,28725,28744,28745,28755,28762,28763,28764,28765,28766,28767,28768,28771,28772,28774,28775,28776,28900,28901,28902,28903,28904,28905,28906,28907,28908,28909,28910,28913,28915,28916,28918,28920,28921,28922,28929,28941,28942,28945,28946,28951,28955,31027,31028,31029,31030,31031,31032,31033,31034,31035,31036,31037,31038,31039,31040,31041,31042,31043,31044,31045,31046,31047,31048,31049,31050,31051,31052,31053,31054,31055,31056,31057,31058,31059,31060,31061,31062,31063,31064,31065,31066,31067,31068,31069,31070,31071,31072,31073,31074,31075,31076,31077,31078,31079,31080,31081,31082,31083,31084,31085,31086,31087,31088,31089,31090,31091,31092,31093,31094,31095,31096,31097,31098,31099,31100,31101,31102,31103,31104,31105,31106,31107,31113,31114,31117,31118,31119,31120,31121,31122,31123,31124,31125,31126,31127,31128,31129,31130,31131,31132,31133,31134,31135,31136,31137,31138,31139,31140,31141,31142,31144,31145,31146,31147,31148,31149,31150,31151,31152,31153,31154,31158,31160,31161,31162,31163,31164,31165,31166,31167,31168,31169,31170,31171,31172,31173,31174,31175,31176,31177,31178,31179,31180,31181,31182,31183,31184,31185,31186,31187,31188,31189,31190,31191,31192,31193,31194,31195,31196,31197,31198,31199,31200,31201,31202,31203,31204,31205,31206,31207,31208,31209,31210,31211,31212,31213,31214,31215,31216,31217,31218,31219,31220,31221,31222,31223,31224,31225,31226,31227,31228,31229,31230,31231,31232,31233,31234,31235,31236,31237,31238,31239,31240,31241,31242,31243,31244,31245,31246,31247,31248,31249,31250,31251,31252,31253,31254,31255,31256,31260,31261,31262,31263,31264,31265,31266,31267,31268,31269,31270,31271,31272,31273,31274,31275,31276,31277,31278,31279,31280,31281,31282,31283,31284,31285,31286,31287,31288,31289,31290,31291,31293,31294,31295,31296,31297,31298,31299,31300,31301,31302,31303,31304,31306,31307,31308,31309,31310,31311,31312,31313,31314,31315,31316,31317,31318,31319,31320,31321,31322,31323,31325,31326,31327,31328,31329,31330,31331,31332,31368,31369,31370,31372,31373,31374,31375,31376,31377,31378,31379,31380,31381,31382,31383,31384,31385,31386,31387,31389,31390,31391,31392,31393,31394,31395,31396,31397,31398,31399,31400,31401,31402,31403,31404,31405,31406,31407,31408,31409,31410,31411,31412,31413,31414,31415,31417,31418,31420,31430,31431,31432,31433,31434,31435,31436,31437,31438,31439,31440,31441,31442,31443,31444,31446,31447,31448,31449,31450,31451,31452,31453,31454,31455,31456,31457,31459,31460,31463,31464,31465,31466,31467,31468,31469,31470,31471,31472,31473,31474,31475,31476,31477,31478,31479,31481,31483,31484,31485,31486,31487,31488,31489,31490,31491,31492,31493,31494,31495,31496,31498,31499,31504,31505,31506,31507,31508,31509,31510,31511,31512,31513,31516,31517,31518,31519,31520,31521,31522,31523,31524,31526,31527,31528,31529,31531,31533,31538,31540,31541,31542,31543,31544,31545,31546,31547,31548,31549,31550,31551,31552,31553,31554,31555,31556,31559,31560,31561,31562,31563,31564,31565,31566,31567,31568,31569,31570,31571,31572,31573,31574,31575,31576,31577,31578,31579,31580,31581,31582,31583,31586,31588,31589,31590,31593,31594,31595,31596,31597,31598,31599,31600,31601,31602,31606,31607,31608,31609,31610,31611,31612,31614,31615,31616,31624,31625,31628,31630,31631,31632,31633,31634,31635,31636,31637,31638,31639,31640,31641,31642,31643,31644,31645,31646,31647,31648,31649,31650,31651,31652,31653,31654,31655,31656,31657,31658,31659,31660,31664,31667,31668,31669,31670,31671,31672,31673,31674,31675,31676,31682,31684,31685,31686,31687,31688,31689,31690,31691,31692,31693,31695,31696,31697,31698,31699,31702,31703,31704,31705,31706,31707,31708,31709,31710,31711,31712,31713,31714,31715,31716,31717,31718,31719,31720,31721,31723,31724,31729,31730,31731,31732,31733,31734,31735,31736,31762,31763,31764,31765,31766,31769,31770,31771,31772,31783,31784,31785,31786,31787,31788,31789,31791,31793,31794,31795,31796,31797,31798,31799,31800,31801,31802,31803,31813,31814,31815,31816,31817,31819,31823,31824,31826,31827,31831,31832,31833,31834,31837,31840,31841,31884,32005,32013,32014,32018,32019,32023,32024,32025,32026,32027,32107,32108,32110,32111,32203,32204,32206,32207,32208,32209,32210,32222,32227,32228,32229,32230,32231,32232,32233,32234,32237,32238,32239,32242,32248,32249,32250,32251,32258,32262,32263,32301,32302,32303,32304,32350,32351,32352,32353,32401,32402,32403,400020,400044,400045,400046,400049,400053,400054,440000,440002,450001,450002,450003,450004,450018,450019,450020,450021,450022,450023,450024,450025,450026,450027,450028,450029,450030,450031,450032,450033,450034,450035,450036,450037,450038,450039,450040,450041,450042,450043,450044,450045,450046,450047,450048,450049,450050,450051,450052,450053,450054,450055,450056,450057,450058,450059,450060,450061,450062,450063,450064,450065,450066,450067,450068,450069,450070,450071,450072,450073,450074,450075,450076,450077,450078,450079,450080,450081,450082,450083,450084,450085,450086,450087,450088,450089,450090,450091,450092,450093,450094,450095,450096,450097,450098,450099,450100,450101,450102,450103,450104,450105,450106,450107,450108,450109,450110,450111,450112,450113,450114,450115,450116,450117,450118,450119,450121,450122,450123,450124,450125,450126,450127,450128,450144,450145,450146,470000,470001,470002,470003,470016,470017,470018,470019,470020,470021,470022,470023,480000,480001,480002,480003,480012,480014,480016,480017,480018,480019,480020,480021,480054,490004,490005,490006,490007,490014,490015,490017,490018,490019,490020,490024,490025,490026,490027,490069,490070,500001,500003,500004,500007,500008,500013,500014,500017,510001,510002,510006,510008,510009,510019,510020,510022,520000,520002,530000,530002,530006,540000,540001,540004,540005,540010,540011,550001,550002,550006,550007,550008,550009,550012,550013,550014,550015,560000,560002,560004,560008,560009,570000,570002,570005,570008,570009,580000,580002,580005,580008,580009,590000,590002,590003,590006,590011,590012,600001,600004,600008,600009,600011,610000,610003,610006,610008,610009,610012,620004,630003,630006,630007,640000,640004,640005,640011,640012,650004,700001,700003,700007,700008,700009,700013,700018,700019,800002,810000,810001,820000,820001,830000,830001,830002,840000,840001;
	waitingroom "5 Cash เป็นอุปกรณ์สวมใส่",0;
	end;
}