// Skill Requirements Database
//
// Structure of Database:
// SkillID,HPCost,MaxHPTrigger,SPCost,HPRateCost,SPRateCost,ZenyCost,RequiredWeapons,RequiredAmmoTypes,RequiredAmmoAmount,RequiredState,RequiredStatuses,SpiritSphereCost,RequiredItemID1,RequiredItemAmount1,RequiredItemID2,RequiredItemAmount2,RequiredItemID3,RequiredItemAmount3,RequiredItemID4,RequiredItemAmount4,RequiredItemID5,RequiredItemAmount5,RequiredItemID6,RequiredItemAmount6,RequiredItemID7,RequiredItemAmount7,RequiredItemID8,RequiredItemAmount8,RequiredItemID9,RequiredItemAmount9,RequiredItemID10,RequiredItemAmount10,RequiredEquipment
//
// If HP/SPratecost is positive, it is a percent of your current life, otherwise it is a percent of your max life.
//
// Legend for 'RequiredState' field:
//  none = Nothing special
//  hidden = Requires on hidden status by using Hiding, Cloaking, or maybe Chasewalk
//  riding = Requires to ride either a peco or a dragon
//  falcon = Requires a Falcon
//  cart = Requires a Pushcart
//  shield = Requires a 0,shield equipped
//  recover_weight_rate = Requires to be less than 50% weight
//  move_enable = Requires to be able to move
//  water = Requires to be standing on a water cell
//  dragon = Requires to ride a Dragon
//  warg = Requires a Warg
//  ridingwarg = Requires to ride a Warg
//  mado = Requires to have an active mado
//  elementalspirit = Requires to have an Elemental Spirit summoned.
//  elementalspirit2 = Requires to have an Elemental Spirit summoned, and will be removed.
//  peco = Requires riding a peco
//
// 'RequiredStatuses'
//	Fill the value only with SC_STATUS (see db/const.txt for more details)
//	Usage for multiple status requirements: SC_STATUS1:SC_STATUS2:SC_STATUS3
//	Max. multiple value is 3 (skill.hpp: MAX_SKILL_STATUS_REQUIRE)
//	Use any number or SC_ALL will disable status requirements
// 'RequiredEquipment'
//	Specified equipment to be equipped. For multiple values, use : as delimiter.
//	Max. multiple value is 10 (skill.hpp: MAX_SKILL_EQUIP_REQUIRE)

//****
// SM Swordman
5,0,0,8:8:8:8:8:15:15:15:15:15,0,0,0,0:1:2:3:4:5:6:7:8:9:10:12:13:14:15:16:17:18:19:20:21:22,0,0,none,0,0,0,0,0,0,0,0,0,0,0,0,0,0,0,0,0,0,0,0,0,0,0	//SM_BASH
6,0,0,4:5:6:7:8:9:10:11:12:13,0,0,0,99,0,0,none,0,0,0,0,0,0,0,0,0,0,0,0,0,0,0,0,0,0,0,0,0,0,0			//SM_PROVOKE
7,20:20:19:19:18:18:17:17:16:16,0,30,0,0,0,99,0,0,none,0,0,0,0,0,0,0,0,0,0,0,0,0,0,0,0,0,0,0,0,0,0,0	//SM_MAGNUM
8,0,0,10,0,0,0,99,0,0,none,0,0,0,0,0,0,0,0,0,0,0,0,0,0,0,0,0,0,0,0,0,0,0								//SM_ENDURE

//****
// MG Mage
10,0,0,10,0,0,0,99,0,0,none,0,0,0,0,0,0,0,0,0,0,0,0,0,0,0,0,0,0,0,0,0,0,0								//MG_SIGHT
11,0,0,9:9:9:12:12:12:15:15:15:18,0,0,0,99,0,0,none,0,0,0,0,0,0,0,0,0,0,0,0,0,0,0,0,0,0,0,0,0,0,0		//MG_NAPALMBEAT
12,0,0,30:30:30:35:35:35:40:40:40:40,0,0,0,99,0,0,none,0,0,717,1,0,0,0,0,0,0,0,0,0,0,0,0,0,0,0,0,0,0,0	//MG_SAFETYWALL
13,0,0,18:14:24:20:30:26:36:32:42:38,0,0,0,99,0,0,none,0,0,0,0,0,0,0,0,0,0,0,0,0,0,0,0,0,0,0,0,0,0,0	//MG_SOULSTRIKE
14,0,0,12:14:16:18:20:22:24:26:28:30,0,0,0,99,0,0,none,0,0,0,0,0,0,0,0,0,0,0,0,0,0,0,0,0,0,0,0,0,0,0	//MG_COLDBOLT
15,0,0,25:24:23:22:21:20:19:18:17:16,0,0,0,99,0,0,none,0,0,0,0,0,0,0,0,0,0,0,0,0,0,0,0,0,0,0,0,0,0,0	//MG_FROSTDIVER
16,0,0,25:24:23:22:21:20:19:18:17:16,0,0,0,99,0,0,none,0,0,716,1,0,0,0,0,0,0,0,0,0,0,0,0,0,0,0,0,0,0,0	//MG_STONECURSE
17,0,0,25,0,0,0,99,0,0,none,0,0,0,0,0,0,0,0,0,0,0,0,0,0,0,0,0,0,0,0,0,0,0								//MG_FIREBALL
18,0,0,40,0,0,0,99,0,0,none,0,0,0,0,0,0,0,0,0,0,0,0,0,0,0,0,0,0,0,0,0,0,0								//MG_FIREWALL
19,0,0,12:14:16:18:20:22:24:26:28:30,0,0,0,99,0,0,none,0,0,0,0,0,0,0,0,0,0,0,0,0,0,0,0,0,0,0,0,0,0,0	//MG_FIREBOLT
20,0,0,12:14:16:18:20:22:24:26:28:30,0,0,0,99,0,0,none,0,0,0,0,0,0,0,0,0,0,0,0,0,0,0,0,0,0,0,0,0,0,0	//MG_LIGHTNINGBOLT
21,0,0,29:34:39:44:49:54:59:64:69:74,0,0,0,99,0,0,none,0,0,0,0,0,0,0,0,0,0,0,0,0,0,0,0,0,0,0,0,0,0,0	//MG_THUNDERSTORM

//****
// AL Acolyte
24,0,0,10,0,0,0,99,0,0,none,0,0,0,0,0,0,0,0,0,0,0,0,0,0,0,0,0,0,0,0,0,0,0								//AL_RUWACH
25,0,0,10,0,0,0,99,0,0,none,0,0,0,0,0,0,0,0,0,0,0,0,0,0,0,0,0,0,0,0,0,0,0								//AL_PNEUMA
26,0,0,10:9,0,0,0,99,0,0,none,0,0,0,0,0,0,0,0,0,0,0,0,0,0,0,0,0,0,0,0,0,0,0								//AL_TELEPORT
27,0,0,35:32:29:26,0,0,0,99,0,0,none,0,0,717,1,0,0,0,0,0,0,0,0,0,0,0,0,0,0,0,0,0,0,0					//AL_WARP
28,0,0,13:16:19:22:25:28:31:34:37:40,0,0,0,99,0,0,none,0,0,0,0,0,0,0,0,0,0,0,0,0,0,0,0,0,0,0,0,0,0,0	//AL_HEAL
29,15,0,18:21:24:27:30:33:36:39:42:45,0,0,0,99,0,0,none,0,0,0,0,0,0,0,0,0,0,0,0,0,0,0,0,0,0,0,0,0,0,0	//AL_INCAGI
30,0,0,15:17:19:21:23:25:27:29:31:33,0,0,0,99,0,0,none,0,0,0,0,0,0,0,0,0,0,0,0,0,0,0,0,0,0,0,0,0,0,0	//AL_DECAGI
31,0,0,10,0,0,0,99,0,0,water,0,0,0,0,0,0,0,0,0,0,0,0,0,0,0,0,0,0,0,0,0,0,0								//AL_HOLYWATER
32,0,0,35,0,0,0,99,0,0,none,0,0,0,0,0,0,0,0,0,0,0,0,0,0,0,0,0,0,0,0,0,0,0								//AL_CRUCIS
33,0,0,23:26:29:32:35:38:41:44:47:50,0,0,0,99,0,0,none,0,0,0,0,0,0,0,0,0,0,0,0,0,0,0,0,0,0,0,0,0,0,0	//AL_ANGELUS
34,0,0,28:32:36:40:44:48:52:56:60:64,0,0,0,99,0,0,none,0,0,0,0,0,0,0,0,0,0,0,0,0,0,0,0,0,0,0,0,0,0,0	//AL_BLESSING
35,0,0,15,0,0,0,99,0,0,none,0,0,0,0,0,0,0,0,0,0,0,0,0,0,0,0,0,0,0,0,0,0,0								//AL_CURE

//****
// MC Merchant
40,0,0,10,0,0,0,99,0,0,none,0,0,0,0,0,0,0,0,0,0,0,0,0,0,0,0,0,0,0,0,0,0,0								//MC_IDENTIFY
41,0,0,30,0,0,0,99,0,0,cart,0,0,0,0,0,0,0,0,0,0,0,0,0,0,0,0,0,0,0,0,0,0,0								//MC_VENDING
42,0,0,5,0,0,100:200:300:400:500:600:700:800:900:1000,99,0,0,none,0,0,0,0,0,0,0,0,0,0,0,0,0,0,0,0,0,0,0,0,0,0,0	//MC_MAMMONITE

//****
// AC Archer
45,0,0,25:30:35:40:45:50:55:60:65:70,0,0,0,99,0,0,none,0,0,0,0,0,0,0,0,0,0,0,0,0,0,0,0,0,0,0,0,0,0,0	//AC_CONCENTRATION
46,0,0,12,0,0,0,11,1,1,none,0,0,0,0,0,0,0,0,0,0,0,0,0,0,0,0,0,0,0,0,0,0,0								//AC_DOUBLE
47,0,0,15,0,0,0,11,1,1,none,0,0,0,0,0,0,0,0,0,0,0,0,0,0,0,0,0,0,0,0,0,0,0								//AC_SHOWER

//****
// TF Thief
50,0,0,10,0,0,0,99,0,0,none,0,0,0,0,0,0,0,0,0,0,0,0,0,0,0,0,0,0,0,0,0,0,0								//TF_STEAL
51,0,0,10,0,0,0,99,0,0,none,0,0,0,0,0,0,0,0,0,0,0,0,0,0,0,0,0,0,0,0,0,0,0								//TF_HIDING
52,0,0,12,0,0,0,99,0,0,none,0,0,0,0,0,0,0,0,0,0,0,0,0,0,0,0,0,0,0,0,0,0,0								//TF_POISON
53,0,0,10,0,0,0,99,0,0,none,0,0,0,0,0,0,0,0,0,0,0,0,0,0,0,0,0,0,0,0,0,0,0								//TF_DETOXIFY

54,0,0,60,0,0,0,99,0,0,none,0,0,717,1,0,0,0,0,0,0,0,0,0,0,0,0,0,0,0,0,0,0,0								//ALL_RESURRECTION

//****
// KN Knight
56,0,0,7,0,0,0,4:5,0,0,none,0,0,0,0,0,0,0,0,0,0,0,0,0,0,0,0,0,0,0,0,0,0,0								//KN_PIERCE
57,0,0,12,0,0,0,4:5,0,0,riding,0,0,0,0,0,0,0,0,0,0,0,0,0,0,0,0,0,0,0,0,0,0,0							//KN_BRANDISHSPEAR
58,0,0,9,0,0,0,4:5,0,0,none,0,0,0,0,0,0,0,0,0,0,0,0,0,0,0,0,0,0,0,0,0,0,0								//KN_SPEARSTAB
59,0,0,10,0,0,0,4:5,0,0,none,0,0,0,0,0,0,0,0,0,0,0,0,0,0,0,0,0,0,0,0,0,0,0								//KN_SPEARBOOMERANG
60,0,0,14:18:22:26:30:34:38:42:46:50,0,0,0,3,0,0,none,0,0,0,0,0,0,0,0,0,0,0,0,0,0,0,0,0,0,0,0,0,0,0		//KN_TWOHANDQUICKEN
61,0,0,3,0,0,0,0:1:2:3:4:5:6:7:8:9:10:12:13:14:15:16:17:18:19:20:21:22,0,0,none,0,0,0,0,0,0,0,0,0,0,0,0,0,0,0,0,0,0,0,0,0,0,0	//KN_AUTOCOUNTER
62,0,0,13:14:15:16:17:18:19:20:21:22,0,0,0,99,0,0,none,0,0,0,0,0,0,0,0,0,0,0,0,0,0,0,0,0,0,0,0,0,0,0	//KN_BOWLINGBASH

//****
// PR Priest
66,0,0,13:16:19:22:25,0,0,0,99,0,0,none,0,0,0,0,0,0,0,0,0,0,0,0,0,0,0,0,0,0,0,0,0,0,0					//PR_IMPOSITIO
67,0,0,8,0,0,0,99,0,0,none,0,0,0,0,0,0,0,0,0,0,0,0,0,0,0,0,0,0,0,0,0,0,0								//PR_SUFFRAGIUM
68,0,0,14:18:22:26:30,0,0,0,99,0,0,none,0,0,523,1,0,0,0,0,0,0,0,0,0,0,0,0,0,0,0,0,0,0,0					//PR_ASPERSIO
69,0,0,20,0,0,0,99,0,0,none,0,0,0,0,0,0,0,0,0,0,0,0,0,0,0,0,0,0,0,0,0,0,0								//PR_BENEDICTIO
70,0,0,15:18:21:24:27:30:33:36:39:42,0,0,0,99,0,0,none,0,0,717,1,0,0,0,0,0,0,0,0,0,0,0,0,0,0,0,0,0,0,0	//PR_SANCTUARY
71,0,0,6:8:10:12,0,0,0,99,0,0,none,0,0,0,0,0,0,0,0,0,0,0,0,0,0,0,0,0,0,0,0,0,0,0						//PR_SLOWPOISON
72,0,0,5,0,0,0,99,0,0,none,0,0,0,0,0,0,0,0,0,0,0,0,0,0,0,0,0,0,0,0,0,0,0								//PR_STRECOVERY
73,0,0,20:20:20:25:25:25:30:30:30:35,0,0,0,99,0,0,none,0,0,0,0,0,0,0,0,0,0,0,0,0,0,0,0,0,0,0,0,0,0,0	//PR_KYRIE
74,0,0,40,0,0,0,99,0,0,none,0,0,0,0,0,0,0,0,0,0,0,0,0,0,0,0,0,0,0,0,0,0,0								//PR_MAGNIFICAT
75,0,0,20,0,0,0,99,0,0,none,0,0,0,0,0,0,0,0,0,0,0,0,0,0,0,0,0,0,0,0,0,0,0								//PR_GLORIA
76,0,0,20:20:20:20:20:18:16:14:12:10,0,0,0,99,0,0,none,0,0,0,0,0,0,0,0,0,0,0,0,0,0,0,0,0,0,0,0,0,0,0	//PR_LEXDIVINA
77,0,0,20,0,0,0,99,0,0,none,0,0,0,0,0,0,0,0,0,0,0,0,0,0,0,0,0,0,0,0,0,0,0								//PR_TURNUNDEAD
78,0,0,10,0,0,0,99,0,0,none,0,0,0,0,0,0,0,0,0,0,0,0,0,0,0,0,0,0,0,0,0,0,0								//PR_LEXAETERNA
79,0,0,40:42:44:46:48:50:52:54:56:58,0,0,0,99,0,0,none,0,0,717,1,0,0,0,0,0,0,0,0,0,0,0,0,0,0,0,0,0,0,0	//PR_MAGNUS

//****
// WZ Wizard
80,0,0,75,0,0,0,99,0,0,none,0,0,0,0,0,0,0,0,0,0,0,0,717,1,717,1,717,1,717,1,717,1,0						//WZ_FIREPILLAR
81,0,0,35:37:39:41:43:45:47:49:51:53,0,0,0,99,0,0,none,SC_SIGHT,0,0,0,0,0,0,0,0,0,0,0,0,0,0,0,0,0,0,0,0,0,0	//WZ_SIGHTRASHER
83,0,0,20:24:30:34:40:44:50:54:60:64,0,0,0,99,0,0,none,0,0,0,0,0,0,0,0,0,0,0,0,0,0,0,0,0,0,0,0,0,0,0	//WZ_METEOR
84,0,0,20:23:26:29:32:35:38:41:44:47,0,0,0,99,0,0,none,0,0,0,0,0,0,0,0,0,0,0,0,0,0,0,0,0,0,0,0,0,0,0	//WZ_JUPITEL
85,0,0,60:64:68:72:76:80:84:88:92:96,0,0,0,99,0,0,none,0,0,0,0,0,0,0,0,0,0,0,0,0,0,0,0,0,0,0,0,0,0,0	//WZ_VERMILION
86,0,0,15:20:20:25:25:25:25:25:25:25,0,0,0,99,0,0,water,0,0,0,0,0,0,0,0,0,0,0,0,0,0,0,0,0,0,0,0,0,0,0	//WZ_WATERBALL
87,0,0,20,0,0,0,99,0,0,none,0,0,0,0,0,0,0,0,0,0,0,0,0,0,0,0,0,0,0,0,0,0,0								//WZ_ICEWALL
88,0,0,45:43:41:39:37:35:33:31:29:27,0,0,0,99,0,0,none,0,0,0,0,0,0,0,0,0,0,0,0,0,0,0,0,0,0,0,0,0,0,0	//WZ_FROSTNOVA
89,0,0,78,0,0,0,99,0,0,none,0,0,0,0,0,0,0,0,0,0,0,0,0,0,0,0,0,0,0,0,0,0,0								//WZ_STORMGUST
90,0,0,12:14:16:18:20,0,0,0,99,0,0,none,0,0,0,0,0,0,0,0,0,0,0,0,0,0,0,0,0,0,0,0,0,0,0					//WZ_EARTHSPIKE
91,0,0,28:32:36:40:44,0,0,0,99,0,0,none,0,0,0,0,0,0,0,0,0,0,0,0,0,0,0,0,0,0,0,0,0,0,0					//WZ_HEAVENDRIVE
92,0,0,5:10:15:20:25,0,0,0,99,0,0,none,0,0,0,0,0,0,0,0,0,0,0,0,0,0,0,0,0,0,0,0,0,0,0					//WZ_QUAGMIRE
93,0,0,10,0,0,0,99,0,0,none,0,0,0,0,0,0,0,0,0,0,0,0,0,0,0,0,0,0,0,0,0,0,0								//WZ_ESTIMATION

//****
// BS Blacksmith
108,0,0,30,0,0,0,99,0,0,none,0,0,0,0,0,0,0,0,0,0,0,0,0,0,0,0,0,0,0,0,0,0,0								//BS_REPAIRWEAPON
110,0,0,10,0,0,0,1:2:6:7:8,0,0,none,0,0,0,0,0,0,0,0,0,0,0,0,0,0,0,0,0,0,0,0,0,0,0						//BS_HAMMERFALL
111,0,0,20:23:26:29:32,0,0,0,6:7:8,0,0,none,0,0,0,0,0,0,0,0,0,0,0,0,0,0,0,0,0,0,0,0,0,0,0				//BS_ADRENALINE
112,0,0,18:16:14:12:10,0,0,0,99,0,0,none,0,0,0,0,0,0,0,0,0,0,0,0,0,0,0,0,0,0,0,0,0,0,0					//BS_WEAPONPERFECT
113,0,0,18:16:14:12:10,0,0,0,1:2:3:4:5:6:7:8:9:10:11:12:13:14:15:16:17:18:19:20:21:22:23,0,0,none,0,0,0,0,0,0,0,0,0,0,0,0,0,0,0,0,0,0,0,0,0,0,0	//BS_OVERTHRUST
114,0,0,10,0,0,0,99,0,0,none,0,0,0,0,0,0,0,0,0,0,0,0,0,0,0,0,0,0,0,0,0,0,0								//BS_MAXIMIZE

//****
// HT Hunter
115,0,0,10,0,0,0,99,0,0,none,0,0,1065,1,0,0,0,0,0,0,0,0,0,0,0,0,0,0,0,0,0,0,0							//HT_SKIDTRAP
116,0,0,10,0,0,0,99,0,0,none,0,0,1065,1,0,0,0,0,0,0,0,0,0,0,0,0,0,0,0,0,0,0,0							//HT_LANDMINE
117,0,0,12,0,0,0,99,0,0,none,0,0,1065,1,0,0,0,0,0,0,0,0,0,0,0,0,0,0,0,0,0,0,0							//HT_ANKLESNARE
118,0,0,45,0,0,0,99,0,0,none,0,0,1065,2,0,0,0,0,0,0,0,0,0,0,0,0,0,0,0,0,0,0,0							//HT_SHOCKWAVE
119,0,0,12,0,0,0,99,0,0,none,0,0,1065,1,0,0,0,0,0,0,0,0,0,0,0,0,0,0,0,0,0,0,0							//HT_SANDMAN
120,0,0,12,0,0,0,99,0,0,none,0,0,1065,2,0,0,0,0,0,0,0,0,0,0,0,0,0,0,0,0,0,0,0							//HT_FLASHER
121,0,0,10,0,0,0,99,0,0,none,0,0,1065,2,0,0,0,0,0,0,0,0,0,0,0,0,0,0,0,0,0,0,0							//HT_FREEZINGTRAP
122,0,0,10,0,0,0,99,0,0,none,0,0,1065,1,0,0,0,0,0,0,0,0,0,0,0,0,0,0,0,0,0,0,0							//HT_BLASTMINE
123,0,0,15,0,0,0,99,0,0,none,0,0,1065,2,0,0,0,0,0,0,0,0,0,0,0,0,0,0,0,0,0,0,0							//HT_CLAYMORETRAP
124,0,0,5,0,0,0,99,0,0,none,0,0,0,0,0,0,0,0,0,0,0,0,0,0,0,0,0,0,0,0,0,0,0								//HT_REMOVETRAP
125,0,0,1,0,0,0,99,0,0,none,0,0,1065,1,0,0,0,0,0,0,0,0,0,0,0,0,0,0,0,0,0,0,0							//HT_TALKIEBOX
129,0,0,10:13:16:19:22,0,0,0,99,0,0,falcon,0,0,0,0,0,0,0,0,0,0,0,0,0,0,0,0,0,0,0,0,0,0,0				//HT_BLITZBEAT
130,0,0,8,0,0,0,99,0,0,falcon,0,0,0,0,0,0,0,0,0,0,0,0,0,0,0,0,0,0,0,0,0,0,0								//HT_DETECTING
131,0,0,10,0,0,0,99,0,0,falcon,0,0,0,0,0,0,0,0,0,0,0,0,0,0,0,0,0,0,0,0,0,0,0							//HT_SPRINGTRAP

//****
// AS Assassin
135,0,0,15,0,0,0,99,0,0,none,0,0,0,0,0,0,0,0,0,0,0,0,0,0,0,0,0,0,0,0,0,0,0								//AS_CLOAKING
136,0,0,16:18:20:22:24:26:28:30:32:34,0,0,0,16,0,0,none,0,0,0,0,0,0,0,0,0,0,0,0,0,0,0,0,0,0,0,0,0,0,0	//AS_SONICBLOW
137,0,0,3,0,0,0,16,0,0,none,SC_HIDING,0,0,0,0,0,0,0,0,0,0,0,0,0,0,0,0,0,0,0,0,0,0						//AS_GRIMTOOTH
138,0,0,20,0,0,0,99,0,0,none,0,0,0,0,0,0,0,0,0,0,0,0,0,0,0,0,0,0,0,0,0,0,0								//AS_ENCHANTPOISON
139,0,0,25:30:35:40:45:50:55:60:45:45,0,0,0,99,0,0,none,0,0,0,0,0,0,0,0,0,0,0,0,0,0,0,0,0,0,0,0,0,0,0	//AS_POISONREACT
140,0,0,20,0,0,0,99,0,0,none,0,0,716,1,0,0,0,0,0,0,0,0,0,0,0,0,0,0,0,0,0,0,0							//AS_VENOMDUST
141,0,0,12:14:16:18:20:22:24:26:28:30,0,0,0,99,0,0,none,0,0,716,1,0,0,0,0,0,0,0,0,0,0,0,0,0,0,0,0,0,0,0	//AS_SPLASHER

//****
// 1st Class Quest Skills
142,0,0,3,0,0,0,99,0,0,none,0,0,0,0,0,0,0,0,0,0,0,0,0,0,0,0,0,0,0,0,0,0,0								//NV_FIRSTAID
143,0,0,5,0,0,0,99,0,0,none,0,0,0,0,0,0,0,0,0,0,0,0,0,0,0,0,0,0,0,0,0,0,0								//NV_TRICKDEAD
146,0,0,1,0,0,0,99,0,0,none,0,0,0,0,0,0,0,0,0,0,0,0,0,0,0,0,0,0,0,0,0,0,0								//SM_AUTOBERSERK
147,0,0,10,0,0,0,99,0,0,recover_weight_rate,0,0,0,0,0,0,0,0,0,0,0,0,0,0,0,0,0,0,0,0,0,0,0				//AC_MAKINGARROW
148,0,0,15,0,0,0,11,1,1,none,0,0,0,0,0,0,0,0,0,0,0,0,0,0,0,0,0,0,0,0,0,0,0								//AC_CHARGEARROW
149,0,0,9,0,0,0,99,0,0,none,0,0,0,0,0,0,0,0,0,0,0,0,0,0,0,0,0,0,0,0,0,0,0								//TF_SPRINKLESAND
150,0,0,7,0,0,0,99,0,0,none,0,0,0,0,0,0,0,0,0,0,0,0,0,0,0,0,0,0,0,0,0,0,0								//TF_BACKSLIDING
151,0,0,3,0,0,0,99,0,0,recover_weight_rate,0,0,0,0,0,0,0,0,0,0,0,0,0,0,0,0,0,0,0,0,0,0,0				//TF_PICKSTONE
152,0,0,2,0,0,0,99,0,0,none,0,0,7049,1,0,0,0,0,0,0,0,0,0,0,0,0,0,0,0,0,0,0,0							//TF_THROWSTONE
153,0,0,12,0,0,0,99,0,0,cart,0,0,0,0,0,0,0,0,0,0,0,0,0,0,0,0,0,0,0,0,0,0,0								//MC_CARTREVOLUTION
154,0,0,40,0,0,0,99,0,0,cart,0,0,0,0,0,0,0,0,0,0,0,0,0,0,0,0,0,0,0,0,0,0,0								//MC_CHANGECART
155,0,0,8,0,0,0,99,0,0,none,0,0,0,0,0,0,0,0,0,0,0,0,0,0,0,0,0,0,0,0,0,0,0								//MC_LOUD
156,0,0,15,0,0,0,99,0,0,none,0,0,0,0,0,0,0,0,0,0,0,0,0,0,0,0,0,0,0,0,0,0,0								//AL_HOLYLIGHT
157,0,0,30,0,0,0,99,0,0,none,0,0,0,0,0,0,0,0,0,0,0,0,0,0,0,0,0,0,0,0,0,0,0								//MG_ENERGYCOAT

//****
// RG Rogue
211,0,0,15,0,0,0,99,0,0,none,0,0,0,0,0,0,0,0,0,0,0,0,0,0,0,0,0,0,0,0,0,0,0								//RG_STEALCOIN
212,0,0,16,0,0,0,99,0,0,none,0,0,0,0,0,0,0,0,0,0,0,0,0,0,0,0,0,0,0,0,0,0,0								//RG_BACKSTAP
214,0,0,20,0,0,0,99,0,0,none,SC_HIDING,0,0,0,0,0,0,0,0,0,0,0,0,0,0,0,0,0,0,0,0,0,0						//RG_RAID
215,0,0,17:19:21:23:25,0,0,0,99,0,0,none,0,0,0,0,0,0,0,0,0,0,0,0,0,0,0,0,0,0,0,0,0,0,0					//RG_STRIPWEAPON
216,0,0,12:14:16:18:20,0,0,0,99,0,0,none,0,0,0,0,0,0,0,0,0,0,0,0,0,0,0,0,0,0,0,0,0,0,0					//RG_STRIPSHIELD
217,0,0,17:19:21:23:25,0,0,0,99,0,0,none,0,0,0,0,0,0,0,0,0,0,0,0,0,0,0,0,0,0,0,0,0,0,0					//RG_STRIPARMOR
218,0,0,12:14:16:18:20,0,0,0,99,0,0,none,0,0,0,0,0,0,0,0,0,0,0,0,0,0,0,0,0,0,0,0,0,0,0					//RG_STRIPHELM
219,0,0,13:16:19:22:25,0,0,0,99,0,0,none,0,0,0,0,0,0,0,0,0,0,0,0,0,0,0,0,0,0,0,0,0,0,0					//RG_INTIMIDATE
220,0,0,15,0,0,0,99,0,0,none,0,0,716,1,0,0,0,0,0,0,0,0,0,0,0,0,0,0,0,0,0,0,0							//RG_GRAFFITI
221,0,0,10,0,0,0,99,0,0,none,0,0,0,0,0,0,0,0,0,0,0,0,0,0,0,0,0,0,0,0,0,0,0								//RG_FLAGGRAFFITI
222,0,0,5,0,0,0,99,0,0,none,0,0,0,0,0,0,0,0,0,0,0,0,0,0,0,0,0,0,0,0,0,0,0								//RG_CLEANER

//****
// AM Alchemist
228,0,0,5,0,0,0,99,0,0,none,0,0,7134,1,0,0,0,0,0,0,0,0,0,0,0,0,0,0,0,0,0,0,0							//AM_PHARMACY
229,0,0,10,0,0,0,99,0,0,none,0,0,7135,1,0,0,0,0,0,0,0,0,0,0,0,0,0,0,0,0,0,0,0							//AM_DEMONSTRATION
230,0,0,15,0,0,0,99,0,0,none,0,0,7136,1,0,0,0,0,0,0,0,0,0,0,0,0,0,0,0,0,0,0,0							//AM_ACIDTERROR
231,0,0,1,0,0,0,99,0,0,none,0,0,501,1,502,1,503,1,504,1,505,1,522,1,526,1,608,1,607,1,657,1,0			//AM_POTIONPITCHER
232,0,0,20,0,0,0,99,0,0,none,0,0,7137,1,0,0,0,0,0,0,0,0,0,0,0,0,0,0,0,0,0,0,0							//AM_CANNIBALIZE
233,0,0,10,0,0,0,99,0,0,none,0,0,7138,1,0,0,0,0,0,0,0,0,0,0,0,0,0,0,0,0,0,0,0							//AM_SPHEREMINE
234,0,0,30,0,0,0,99,0,0,none,0,0,7139,1,0,0,0,0,0,0,0,0,0,0,0,0,0,0,0,0,0,0,0							//AM_CP_WEAPON
235,0,0,25,0,0,0,99,0,0,none,0,0,7139,1,0,0,0,0,0,0,0,0,0,0,0,0,0,0,0,0,0,0,0							//AM_CP_SHIELD
236,0,0,25,0,0,0,99,0,0,none,0,0,7139,1,0,0,0,0,0,0,0,0,0,0,0,0,0,0,0,0,0,0,0							//AM_CP_ARMOR
237,0,0,25,0,0,0,99,0,0,none,0,0,7139,1,0,0,0,0,0,0,0,0,0,0,0,0,0,0,0,0,0,0,0							//AM_CP_HELM

243,0,0,10,0,0,0,99,0,0,none,0,0,7142,1,0,0,0,0,0,0,0,0,0,0,0,0,0,0,0,0,0,0,0							//AM_CALLHOMUNCULUS
244,0,0,50,0,0,0,99,0,0,none,0,0,0,0,0,0,0,0,0,0,0,0,0,0,0,0,0,0,0,0,0,0,0								//AM_REST
247,0,0,74:68:62:56:50,0,0,0,99,0,0,none,0,0,0,0,0,0,0,0,0,0,0,0,0,0,0,0,0,0,0,0,0,0,0					//AM_RESURRECTHOMUN

//****
// CR Crusader
249,0,0,12:14:16:18:20:22:24:26:28:30,0,0,0,99,0,0,shield,0,0,0,0,0,0,0,0,0,0,0,0,0,0,0,0,0,0,0,0,0,0,0	//CR_AUTOGUARD
250,0,0,10,0,0,0,99,0,0,shield,0,0,0,0,0,0,0,0,0,0,0,0,0,0,0,0,0,0,0,0,0,0,0							//CR_SHIELDCHARGE
251,0,0,12,0,0,0,99,0,0,shield,0,0,0,0,0,0,0,0,0,0,0,0,0,0,0,0,0,0,0,0,0,0,0							//CR_SHIELDBOOMERANG
252,0,0,35:40:45:50:55:60:65:70:75:80,0,0,0,99,0,0,shield,0,0,0,0,0,0,0,0,0,0,0,0,0,0,0,0,0,0,0,0,0,0,0	//CR_REFLECTSHIELD
253,0,0,11:12:13:14:15:16:17:18:19:20,0,0,0,99,0,0,none,0,0,0,0,0,0,0,0,0,0,0,0,0,0,0,0,0,0,0,0,0,0,0	//CR_HOLYCROSS
254,0,0,37:44:51:58:65:72:79:86:93:100,20,0,0,99,0,0,none,0,0,0,0,0,0,0,0,0,0,0,0,0,0,0,0,0,0,0,0,0,0,0	//CR_GRANDCROSS
255,0,0,25,0,0,0,99,0,0,none,0,0,0,0,0,0,0,0,0,0,0,0,0,0,0,0,0,0,0,0,0,0,0								//CR_DEVOTION
256,0,0,30,0,0,0,99,0,0,none,0,0,0,0,0,0,0,0,0,0,0,0,0,0,0,0,0,0,0,0,0,0,0								//CR_PROVIDENCE
257,0,0,30,0,0,0,99,0,0,shield,0,0,0,0,0,0,0,0,0,0,0,0,0,0,0,0,0,0,0,0,0,0,0							//CR_DEFENDER
258,0,0,24:28:32:36:40:44:48:52:56:60,0,0,0,5,0,0,none,0,0,0,0,0,0,0,0,0,0,0,0,0,0,0,0,0,0,0,0,0,0,0	//CR_SPEARQUICKEN

//****
// MO Monk
261,0,0,8,0,0,0,99,0,0,none,0,0,0,0,0,0,0,0,0,0,0,0,0,0,0,0,0,0,0,0,0,0,0								//MO_CALLSPIRITS
262,0,0,5,0,0,0,99,0,0,none,0,0,0,0,0,0,0,0,0,0,0,0,0,0,0,0,0,0,0,0,0,0,0								//MO_ABSORBSPIRITS
264,0,0,14,0,0,0,99,0,0,none,0,1,0,0,0,0,0,0,0,0,0,0,0,0,0,0,0,0,0,0,0,0,0								//MO_BODYRELOCATION
266,0,0,10:14:17:19:20,0,0,0,99,0,0,none,0,1,0,0,0,0,0,0,0,0,0,0,0,0,0,0,0,0,0,0,0,0,0					//MO_INVESTIGATE
267,0,0,10,0,0,0,99,0,0,none,0,1:2:3:4:5,0,0,0,0,0,0,0,0,0,0,0,0,0,0,0,0,0,0,0,0,0						//MO_FINGEROFFENSIVE
268,0,0,200,0,0,0,99,0,0,none,0,5,0,0,0,0,0,0,0,0,0,0,0,0,0,0,0,0,0,0,0,0,0								//MO_STEELBODY
269,0,0,10,0,0,0,0:1:2:3:4:5:6:7:8:9:10:12:13:14:15:16:17:18:19:20:21:22,0,0,none,0,1,0,0,0,0,0,0,0,0,0,0,0,0,0,0,0,0,0,0,0,0,0	//MO_BLADESTOP
270,0,0,15,0,0,0,99,0,0,none,0,5,0,0,0,0,0,0,0,0,0,0,0,0,0,0,0,0,0,0,0,0,0								//MO_EXPLOSIONSPIRITS
271,0,0,1,0,0,0,0:1:2:3:4:5:6:7:8:9:10:12:13:14:15:16:17:18:19:20:21:22,0,0,none,SC_EXPLOSIONSPIRITS,5,0,0,0,0,0,0,0,0,0,0,0,0,0,0,0,0,0,0,0,0,0	//MO_EXTREMITYFIST
272,0,0,11:12:13:14:15,0,0,0,0:1:2:3:4:5:6:7:8:9:10:12:13:14:15:16:17:18:19:20:21:22,0,0,none,0,0,0,0,0,0,0,0,0,0,0,0,0,0,0,0,0,0,0,0,0,0,0	//MO_CHAINCOMBO
273,0,0,11:12:13:14:15,0,0,0,0:1:2:3:4:5:6:7:8:9:10:12:13:14:15:16:17:18:19:20:21:22,0,0,none,0,1,0,0,0,0,0,0,0,0,0,0,0,0,0,0,0,0,0,0,0,0,0	//MO_COMBOFINISH

//****
// SA Sage
275,0,0,2,0,0,0,99,0,0,none,0,0,0,0,0,0,0,0,0,0,0,0,0,0,0,0,0,0,0,0,0,0,0								//SA_CASTCANCEL
276,0,0,2,0,0,0,99,0,0,none,0,0,0,0,0,0,0,0,0,0,0,0,0,0,0,0,0,0,0,0,0,0,0								//SA_MAGICROD
277,0,0,10,0,0,0,99,0,0,none,0,0,0,0,0,0,0,0,0,0,0,0,0,0,0,0,0,0,0,0,0,0,0								//SA_SPELLBREAKER
279,0,0,35,0,0,0,99,0,0,none,0,0,0,0,0,0,0,0,0,0,0,0,0,0,0,0,0,0,0,0,0,0,0								//SA_AUTOSPELL
280,0,0,40,0,0,0,99,0,0,none,0,0,990,1,0,0,0,0,0,0,0,0,0,0,0,0,0,0,0,0,0,0,0							//SA_FLAMELAUNCHER
281,0,0,40,0,0,0,99,0,0,none,0,0,991,1,0,0,0,0,0,0,0,0,0,0,0,0,0,0,0,0,0,0,0							//SA_FROSTWEAPON
282,0,0,40,0,0,0,99,0,0,none,0,0,992,1,0,0,0,0,0,0,0,0,0,0,0,0,0,0,0,0,0,0,0							//SA_LIGHTNINGLOADER
283,0,0,40,0,0,0,99,0,0,none,0,0,993,1,0,0,0,0,0,0,0,0,0,0,0,0,0,0,0,0,0,0,0							//SA_SEISMICWEAPON
285,0,0,48:46:44:42:40,0,0,0,99,0,0,none,0,0,715,1,0,0,0,0,0,0,0,0,0,0,0,0,0,0,0,0,0,0,0				//SA_VOLCANO
286,0,0,48:46:44:42:40,0,0,0,99,0,0,none,0,0,715,1,0,0,0,0,0,0,0,0,0,0,0,0,0,0,0,0,0,0,0				//SA_DELUGE
287,0,0,48:46:44:42:40,0,0,0,99,0,0,none,0,0,715,1,0,0,0,0,0,0,0,0,0,0,0,0,0,0,0,0,0,0,0				//SA_VIOLENTGALE
288,0,0,66:62:58:54:50,0,0,0,99,0,0,none,0,0,717,1,715,1,0,0,0,0,0,0,0,0,0,0,0,0,0,0,0,0,0				//SA_LANDPROTECTOR
289,0,0,1,0,0,0,99,0,0,none,0,0,715,1,0,0,0,0,0,0,0,0,0,0,0,0,0,0,0,0,0,0,0								//SA_DISPELL
290,0,0,50,0,0,0,99,0,0,none,0,0,715,2,0,0,0,0,0,0,0,0,0,0,0,0,0,0,0,0,0,0,0							//SA_ABRACADABRA
291,0,0,1,0,0,0,99,0,0,none,0,0,0,0,0,0,0,0,0,0,0,0,0,0,0,0,0,0,0,0,0,0,0								//SA_MONOCELL
292,0,0,1,0,0,0,99,0,0,none,0,0,0,0,0,0,0,0,0,0,0,0,0,0,0,0,0,0,0,0,0,0,0								//SA_CLASSCHANGE
293,0,0,1,0,0,0,99,0,0,none,0,0,0,0,0,0,0,0,0,0,0,0,0,0,0,0,0,0,0,0,0,0,0								//SA_SUMMONMONSTER
294,0,0,1,0,0,0,99,0,0,none,0,0,0,0,0,0,0,0,0,0,0,0,0,0,0,0,0,0,0,0,0,0,0								//SA_REVERSEORCISH
295,0,0,1,0,0,0,99,0,0,none,0,0,0,0,0,0,0,0,0,0,0,0,0,0,0,0,0,0,0,0,0,0,0								//SA_DEATH
296,0,0,1,0,0,0,99,0,0,none,0,0,0,0,0,0,0,0,0,0,0,0,0,0,0,0,0,0,0,0,0,0,0								//SA_FORTUNE
297,0,0,1,0,0,0,99,0,0,none,0,0,0,0,0,0,0,0,0,0,0,0,0,0,0,0,0,0,0,0,0,0,0								//SA_TAMINGMONSTER
298,0,0,1,0,0,0,99,0,0,none,0,0,0,0,0,0,0,0,0,0,0,0,0,0,0,0,0,0,0,0,0,0,0								//SA_QUESTION
299,0,0,1,0,0,0,99,0,0,none,0,0,0,0,0,0,0,0,0,0,0,0,0,0,0,0,0,0,0,0,0,0,0								//SA_GRAVITY
300,0,0,1,0,0,0,99,0,0,none,0,0,0,0,0,0,0,0,0,0,0,0,0,0,0,0,0,0,0,0,0,0,0								//SA_LEVELUP
301,0,0,1,0,0,0,99,0,0,none,0,0,0,0,0,0,0,0,0,0,0,0,0,0,0,0,0,0,0,0,0,0,0								//SA_INSTANTDEATH
302,0,0,1,0,0,0,99,0,0,none,0,0,0,0,0,0,0,0,0,0,0,0,0,0,0,0,0,0,0,0,0,0,0								//SA_FULLRECOVERY
303,0,0,1,0,0,0,99,0,0,none,0,0,0,0,0,0,0,0,0,0,0,0,0,0,0,0,0,0,0,0,0,0,0								//SA_COMA

//****
// Bard & Dancer
304,0,0,1,0,0,0,99,0,0,none,0,0,0,0,0,0,0,0,0,0,0,0,0,0,0,0,0,0,0,0,0,0,0								//BD_ADAPTATION
305,0,0,1,0,0,0,13:14,0,0,none,0,0,0,0,0,0,0,0,0,0,0,0,0,0,0,0,0,0,0,0,0,0,0							//BD_ENCORE
306,0,0,20,0,0,0,13:14,0,0,none,0,0,0,0,0,0,0,0,0,0,0,0,0,0,0,0,0,0,0,0,0,0,0							//BD_LULLABY
307,0,0,20,0,0,0,13:14,0,0,none,0,0,0,0,0,0,0,0,0,0,0,0,0,0,0,0,0,0,0,0,0,0,0							//BD_RICHMANKIM
308,0,0,30,0,0,0,13:14,0,0,none,0,0,0,0,0,0,0,0,0,0,0,0,0,0,0,0,0,0,0,0,0,0,0							//BD_ETERNALCHAOS
309,0,0,38:41:44:47:50,0,0,0,13:14,0,0,none,0,0,0,0,0,0,0,0,0,0,0,0,0,0,0,0,0,0,0,0,0,0,0				//BD_DRUMBATTLEFIELD
310,0,0,38:41:44:47:50,0,0,0,13:14,0,0,none,0,0,0,0,0,0,0,0,0,0,0,0,0,0,0,0,0,0,0,0,0,0,0				//BD_RINGNIBELUNGEN
311,0,0,15,0,0,0,13:14,0,0,none,0,0,0,0,0,0,0,0,0,0,0,0,0,0,0,0,0,0,0,0,0,0,0							//BD_ROKISWEIL
312,0,0,10,0,0,0,13:14,0,0,none,0,0,0,0,0,0,0,0,0,0,0,0,0,0,0,0,0,0,0,0,0,0,0							//BD_INTOABYSS
313,0,0,20,0,0,0,13:14,0,0,none,0,0,0,0,0,0,0,0,0,0,0,0,0,0,0,0,0,0,0,0,0,0,0							//BD_SIEGFRIED

//****
// BA Bard
316,0,0,1:3:5:7:9,0,0,0,13,1,1,none,0,0,0,0,0,0,0,0,0,0,0,0,0,0,0,0,0,0,0,0,0,0,0						//BA_MUSICALSTRIKE
317,0,0,18:21:24:27:30,0,0,0,13,0,0,none,0,0,0,0,0,0,0,0,0,0,0,0,0,0,0,0,0,0,0,0,0,0,0					//BA_DISSONANCE
318,0,0,12:14:16:18:20,0,0,0,99,0,0,none,0,0,0,0,0,0,0,0,0,0,0,0,0,0,0,0,0,0,0,0,0,0,0					//BA_FROSTJOKE
319,0,0,24:28:32:36:40:44:48:52:56:60,0,0,0,13:14,0,0,none,0,0,0,0,0,0,0,0,0,0,0,0,0,0,0,0,0,0,0,0,0,0,0	//BA_WHISTLE
320,0,0,38:41:44:47:50:53:56:59:62:65,0,0,0,13:14,0,0,none,0,0,0,0,0,0,0,0,0,0,0,0,0,0,0,0,0,0,0,0,0,0,0	//BA_ASSASSINCROSS
321,0,0,40:45:50:55:60:65:70:75:80:85,0,0,0,13:14,0,0,none,0,0,0,0,0,0,0,0,0,0,0,0,0,0,0,0,0,0,0,0,0,0,0	//BA_POEMBRAGI
322,0,0,40:45:50:55:60:65:70:75:80:85,0,0,0,13:14,0,0,none,0,0,0,0,0,0,0,0,0,0,0,0,0,0,0,0,0,0,0,0,0,0,0	//BA_APPLEIDUN

//****
// DC Dancer
324,0,0,1:3:5:7:9,0,0,0,14,1,1,none,0,0,0,0,0,0,0,0,0,0,0,0,0,0,0,0,0,0,0,0,0,0,0						//DC_THROWARROW
325,0,0,23:26:29:32:35,0,0,0,14,0,0,none,0,0,0,0,0,0,0,0,0,0,0,0,0,0,0,0,0,0,0,0,0,0,0					//DC_UGLYDANCE
326,0,0,12:14:16:18:20,0,0,0,99,0,0,none,0,0,0,0,0,0,0,0,0,0,0,0,0,0,0,0,0,0,0,0,0,0,0					//DC_SCREAM
327,0,0,22:24:26:28:30:32:34:36:38:40,0,0,0,13:14,0,0,none,0,0,0,0,0,0,0,0,0,0,0,0,0,0,0,0,0,0,0,0,0,0,0	//DC_HUMMING
328,0,0,28:31:34:37:40:43:46:49:52:55,0,0,0,13:14,0,0,none,0,0,0,0,0,0,0,0,0,0,0,0,0,0,0,0,0,0,0,0,0,0,0	//DC_DONTFORGETME
329,0,0,43:46:49:52:55:58:61:64:67:70,0,0,0,13:14,0,0,none,0,0,0,0,0,0,0,0,0,0,0,0,0,0,0,0,0,0,0,0,0,0,0	//DC_FORTUNEKISS
330,0,0,40:45:50:55:60:65:70:75:80:85,0,0,0,13:14,0,0,none,0,0,0,0,0,0,0,0,0,0,0,0,0,0,0,0,0,0,0,0,0,0,0	//DC_SERVICEFORYOU

334,0,0,1,-10,0,0,99,0,0,none,0,0,0,0,0,0,0,0,0,0,0,0,0,0,0,0,0,0,0,0,0,0,0								//WE_MALE
335,0,0,1,0,-10,0,99,0,0,none,0,0,0,0,0,0,0,0,0,0,0,0,0,0,0,0,0,0,0,0,0,0,0								//WE_FEMALE
336,0,0,1,0,0,0,99,0,0,none,0,0,0,0,0,0,0,0,0,0,0,0,0,0,0,0,0,0,0,0,0,0,0								//WE_CALLPARTNER
337,0,0,1,0,0,0,99,0,0,none,0,0,0,0,0,0,0,0,0,0,0,0,0,0,0,0,0,0,0,0,0,0,0								//ITM_TOMAHAWK

//****
// LK Lord Knight
355,0,0,18:26:34:42:50,0,0,0,1:2:3:4:5:6:7:8:9:10:11:12:13:14:15:16:17:18:19:20:21:22,0,0,none,0,0,0,0,0,0,0,0,0,0,0,0,0,0,0,0,0,0,0,0,0,0,0	//LK_AURABLADE
356,0,0,50,0,0,0,3,0,0,none,0,0,0,0,0,0,0,0,0,0,0,0,0,0,0,0,0,0,0,0,0,0,0								//LK_PARRYING
357,0,0,14:18:22:26:30,0,0,0,99,0,0,none,0,0,0,0,0,0,0,0,0,0,0,0,0,0,0,0,0,0,0,0,0,0,0					//LK_CONCENTRATION
358,0,0,15,0,0,0,99,0,0,none,0,0,0,0,0,0,0,0,0,0,0,0,0,0,0,0,0,0,0,0,0,0,0								//LK_TENSIONRELAX
359,0,0,200,0,0,0,99,0,0,none,0,0,0,0,0,0,0,0,0,0,0,0,0,0,0,0,0,0,0,0,0,0,0								//LK_BERSERK

//****
// HP High Priest
361,0,0,20:30:40:50:60,0,0,0,99,0,0,none,0,0,0,0,0,0,0,0,0,0,0,0,0,0,0,0,0,0,0,0,0,0,0					//HP_ASSUMPTIO
362,0,0,80:90:100:110:120,0,0,0,99,0,0,none,0,0,715,1,716,1,717,1,523,1,0,0,0,0,0,0,0,0,0,0,0,0,0		//HP_BASILICA

//****
// HW High Wizard
365,0,0,8,0,0,0,99,0,0,none,0,0,0,0,0,0,0,0,0,0,0,0,0,0,0,0,0,0,0,0,0,0,0								//HW_MAGICCRASHER
366,0,0,14:18:22:26:30:34:38:42:46:50,0,0,0,99,0,0,none,0,0,0,0,0,0,0,0,0,0,0,0,0,0,0,0,0,0,0,0,0,0,0	//HW_MAGICPOWER

//****
// PA Paladin
367,0,0,30:35:40:45:50,0,0,0,99,0,0,none,0,0,0,0,0,0,0,0,0,0,0,0,0,0,0,0,0,0,0,0,0,0,0					//PA_PRESSURE
368,0,0,100,0,0,0,99,0,0,none,0,0,0,0,0,0,0,0,0,0,0,0,0,0,0,0,0,0,0,0,0,0,0								//PA_SACRIFICE
369,0,0,80:80:80:80:80:100:100:100:100:100,0,0,0,99,0,0,none,0,0,0,0,0,0,0,0,0,0,0,0,0,0,0,0,0,0,0,0,0,0,0	//PA_GOSPEL

//****
// CH Champion
370,0,0,2:4:6:8:10,0,0,0,99,0,0,none,SC_EXPLOSIONSPIRITS,0,0,0,0,0,0,0,0,0,0,0,0,0,0,0,0,0,0,0,0,0,0	//CH_PALMSTRIKE
371,0,0,4:6:8:10:12,0,0,0,99,0,0,none,0,1,0,0,0,0,0,0,0,0,0,0,0,0,0,0,0,0,0,0,0,0,0						//CH_TIGERFIST
372,0,0,4:6:8:10:12:14:16:18:20:22,0,0,0,99,0,0,none,0,2,0,0,0,0,0,0,0,0,0,0,0,0,0,0,0,0,0,0,0,0,0		//CH_CHAINCRUSH

//****
// PF Professor
373,0,0,1:2:3:4:5,0,0,0,99,0,0,none,0,0,0,0,0,0,0,0,0,0,0,0,0,0,0,0,0,0,0,0,0,0,0						//PF_HPCONVERSION
374,0,0,5,0,0,0,99,0,0,none,0,0,0,0,0,0,0,0,0,0,0,0,0,0,0,0,0,0,0,0,0,0,0								//PF_SOULCHANGE
375,0,0,80:90:100:110:120,0,0,0,99,0,0,none,0,0,0,0,0,0,0,0,0,0,0,0,0,0,0,0,0,0,0,0,0,0,0				//PF_SOULBURN

//****
// ASC Assassin Cross
378,0,0,60:70:80:90:100,0,0,0,99,0,0,none,0,0,678,1,0,0,0,0,0,0,0,0,0,0,0,0,0,0,0,0,0,0,0				//ASC_EDP
379,0,0,20:20:20:20:20:30:30:30:30:30,0,0,0,99,0,0,none,0,0,0,0,0,0,0,0,0,0,0,0,0,0,0,0,0,0,0,0,0,0,0	//ASC_BREAKER

//****
// SN Sniper
380,0,0,20:20:25:25:30:30:35:35:40:40,0,0,0,99,0,0,none,0,0,0,0,0,0,0,0,0,0,0,0,0,0,0,0,0,0,0,0,0,0,0	//SN_SIGHT
381,0,0,30:34:38:42:46,0,0,0,99,0,0,falcon,0,0,0,0,0,0,0,0,0,0,0,0,0,0,0,0,0,0,0,0,0,0,0				//SN_FALCONASSAULT
382,0,0,18:21:24:27:30,0,0,0,11,1,1,none,0,0,0,0,0,0,0,0,0,0,0,0,0,0,0,0,0,0,0,0,0,0,0					//SN_SHARPSHOOTING
383,0,0,46:52:58:64:70:76:82:88:94:100,0,0,0,99,0,0,none,0,0,0,0,0,0,0,0,0,0,0,0,0,0,0,0,0,0,0,0,0,0,0	//SN_WINDWALK

//****
// WS Whitesmith
384,0,0,50:50:60:60:70:70:80:80:90:90,0,0,0,99,0,0,none,0,0,0,0,0,0,0,0,0,0,0,0,0,0,0,0,0,0,0,0,0,0,0	//WS_MELTDOWN
385,0,0,5,0,0,0,99,0,0,none,0,0,0,0,0,0,0,0,0,0,0,0,0,0,0,0,0,0,0,0,0,0,0								//WS_CREATECOIN
386,0,0,5,0,0,0,99,0,0,none,0,0,0,0,0,0,0,0,0,0,0,0,0,0,0,0,0,0,0,0,0,0,0								//WS_CREATENUGGET
387,0,0,20,0,0,0,99,0,0,cart,0,0,0,0,0,0,0,0,0,0,0,0,0,0,0,0,0,0,0,0,0,0,0								//WS_CARTBOOST
388,0,0,20,0,0,0,99,0,0,none,0,0,7137,1,0,0,0,0,0,0,0,0,0,0,0,0,0,0,0,0,0,0,0							//WS_SYSTEMCREATE

//****
// ST Stalker
389,0,0,10,0,0,0,99,0,0,none,0,0,0,0,0,0,0,0,0,0,0,0,0,0,0,0,0,0,0,0,0,0,0								//ST_CHASEWALK
390,0,0,10:15:20:25:30,0,0,0,99,0,0,none,0,0,0,0,0,0,0,0,0,0,0,0,0,0,0,0,0,0,0,0,0,0,0					//ST_REJECTSWORD

//****
// CG Clown & Gypsy
394,0,0,12:14:16:18:20:22:24:26:28:30,0,0,0,13:14,1,1,none,0,0,0,0,0,0,0,0,0,0,0,0,0,0,0,0,0,0,0,0,0,0,0	//CG_ARROWVULCAN
395,0,0,30:40:50:60:70,0,0,0,13:14,0,0,none,0,0,0,0,0,0,0,0,0,0,0,0,0,0,0,0,0,0,0,0,0,0,0				//CG_MOONLIT
396,0,0,100,0,0,0,99,0,0,none,0,0,0,0,0,0,0,0,0,0,0,0,0,0,0,0,0,0,0,0,0,0,0								//CG_MARIONETTE

//****
// Other 2-Trans Class Skills
397,0,0,18:21:24:27:30,0,0,0,4:5,0,0,none,0,0,0,0,0,0,0,0,0,0,0,0,0,0,0,0,0,0,0,0,0,0,0					//LK_SPIRALPIERCE
398,0,0,23,0,0,0,99,0,0,none,0,0,0,0,0,0,0,0,0,0,0,0,0,0,0,0,0,0,0,0,0,0,0								//LK_HEADCRUSH
399,0,0,12:12:14:14:16:16:18:18:20:20,0,0,0,4:5,0,0,none,0,0,0,0,0,0,0,0,0,0,0,0,0,0,0,0,0,0,0,0,0,0,0	//LK_JOINTBEAT
400,0,0,10:25:40:55:70,0,0,0,99,0,0,none,0,0,0,0,0,0,0,0,0,0,0,0,0,0,0,0,0,0,0,0,0,0,0					//HW_NAPALMVULCAN
401,0,0,20,0,0,0,99,0,0,none,0,0,0,0,0,0,0,0,0,0,0,0,0,0,0,0,0,0,0,0,0,0,0								//CH_SOULCOLLECT
402,0,0,12:15:18:21:24,0,0,0,99,0,0,none,0,0,0,0,0,0,0,0,0,0,0,0,0,0,0,0,0,0,0,0,0,0,0					//PF_MINDBREAKER
403,0,0,1,0,0,0,99,0,0,none,0,0,0,0,0,0,0,0,0,0,0,0,0,0,0,0,0,0,0,0,0,0,0								//PF_MEMORIZE
404,0,0,25,0,0,0,99,0,0,none,0,0,0,0,0,0,0,0,0,0,0,0,0,0,0,0,0,0,0,0,0,0,0								//PF_FOGWALL
405,0,0,50,0,0,0,99,0,0,none,0,0,1025,1,0,0,0,0,0,0,0,0,0,0,0,0,0,0,0,0,0,0,0							//PF_SPIDERWEB
406,0,0,10:12:14:16:18:20:22:24:26:28,0,0,0,99,0,0,none,0,0,0,0,0,0,0,0,0,0,0,0,0,0,0,0,0,0,0,0,0,0,0	//ASC_METEORASSAULT
407,0,0,50,0,0,0,99,0,0,none,0,0,0,0,0,0,0,0,0,0,0,0,0,0,0,0,0,0,0,0,0,0,0								//ASC_CDP

408,0,0,1,0,-10,0,99,0,0,none,0,0,0,0,0,0,0,0,0,0,0,0,0,0,0,0,0,0,0,0,0,0,0								//WE_BABY
409,0,0,1,0,0,0,99,0,0,none,0,0,0,0,0,0,0,0,0,0,0,0,0,0,0,0,0,0,0,0,0,0,0								//WE_CALLPARENT
410,0,0,1,0,0,0,99,0,0,none,0,0,0,0,0,0,0,0,0,0,0,0,0,0,0,0,0,0,0,0,0,0,0								//WE_CALLBABY

//****
// TK Taekwon
411,0,0,100:90:80:70:60:50:40:30:20:10,0,0,0,99,0,0,move_enable,0,0,0,0,0,0,0,0,0,0,0,0,0,0,0,0,0,0,0,0,0,0,0	//TK_RUN
412,0,0,1,0,0,0,99,0,0,none,0,0,0,0,0,0,0,0,0,0,0,0,0,0,0,0,0,0,0,0,0,0,0								//TK_READYSTORM
413,0,0,14:12:10:8:6:4:2,0,0,0,99,0,0,none,0,0,0,0,0,0,0,0,0,0,0,0,0,0,0,0,0,0,0,0,0,0,0				//TK_STORMKICK
414,0,0,1,0,0,0,99,0,0,none,0,0,0,0,0,0,0,0,0,0,0,0,0,0,0,0,0,0,0,0,0,0,0								//TK_READYDOWN
415,0,0,14:12:10:8:6:4:2,0,0,0,99,0,0,none,0,0,0,0,0,0,0,0,0,0,0,0,0,0,0,0,0,0,0,0,0,0,0				//TK_DOWNKICK
416,0,0,1,0,0,0,99,0,0,none,0,0,0,0,0,0,0,0,0,0,0,0,0,0,0,0,0,0,0,0,0,0,0								//TK_READYTURN
417,0,0,14:12:10:8:6:4:2,0,0,0,99,0,0,none,0,0,0,0,0,0,0,0,0,0,0,0,0,0,0,0,0,0,0,0,0,0,0				//TK_TURNKICK
418,0,0,1,0,0,0,99,0,0,none,0,0,0,0,0,0,0,0,0,0,0,0,0,0,0,0,0,0,0,0,0,0,0								//TK_READYCOUNTER
419,0,0,14:12:10:8:6:4:2,0,0,0,99,0,0,none,0,0,0,0,0,0,0,0,0,0,0,0,0,0,0,0,0,0,0,0,0,0,0				//TK_COUNTERKICK
420,0,0,1,0,0,0,99,0,0,none,0,0,0,0,0,0,0,0,0,0,0,0,0,0,0,0,0,0,0,0,0,0,0								//TK_DODGE
421,0,0,70:60:50:40:30:20:10,0,0,0,99,0,0,none,0,0,0,0,0,0,0,0,0,0,0,0,0,0,0,0,0,0,0,0,0,0,0			//TK_JUMPKICK
425,0,0,20:20:20:20:50:50:50,0,0,0,99,0,0,none,0,0,0,0,0,0,0,0,0,0,0,0,0,0,0,0,0,0,0,0,0,0,0			//TK_SEVENWIND
426,0,0,50,0,0,0,99,0,0,none,0,0,0,0,0,0,0,0,0,0,0,0,0,0,0,0,0,0,0,0,0,0,0								//TK_HIGHJUMP

//****
// SG Star Gladiator
427,0,0,100,0,0,0,99,0,0,none,0,0,0,0,0,0,0,0,0,0,0,0,0,0,0,0,0,0,0,0,0,0,0								//SG_FEEL
428,0,0,20,0,0,0,99,0,0,none,0,0,0,0,0,0,0,0,0,0,0,0,0,0,0,0,0,0,0,0,0,0,0								//SG_SUN_WARM
429,0,0,20,0,0,0,99,0,0,none,0,0,0,0,0,0,0,0,0,0,0,0,0,0,0,0,0,0,0,0,0,0,0								//SG_MOON_WARM
430,0,0,10,0,0,0,99,0,0,none,0,0,0,0,0,0,0,0,0,0,0,0,0,0,0,0,0,0,0,0,0,0,0								//SG_STAR_WARM
431,0,0,70:60:50:40,0,0,0,99,0,0,none,0,0,0,0,0,0,0,0,0,0,0,0,0,0,0,0,0,0,0,0,0,0,0						//SG_SUN_COMFORT
432,0,0,70:60:50:40,0,0,0,99,0,0,none,0,0,0,0,0,0,0,0,0,0,0,0,0,0,0,0,0,0,0,0,0,0,0						//SG_MOON_COMFORT
433,0,0,70:60:50:40,0,0,0,99,0,0,none,0,0,0,0,0,0,0,0,0,0,0,0,0,0,0,0,0,0,0,0,0,0,0						//SG_STAR_COMFORT
434,0,0,100,0,0,0,99,0,0,none,0,0,0,0,0,0,0,0,0,0,0,0,0,0,0,0,0,0,0,0,0,0,0								//SG_HATE
444,0,0,100,0,0,0,99,0,0,none,0,0,0,0,0,0,0,0,0,0,0,0,0,0,0,0,0,0,0,0,0,0,0								//SG_FUSION

446,0,0,10,0,8,0,99,0,0,none,0,0,657,2,0,0,0,0,0,0,0,0,0,0,0,0,0,0,0,0,0,0,0							//AM_BERSERKPITCHER
459,0,0,64,0,0,0,0:1:2:3:4:5:6:7:8:9:10:12:13:14:15:16,0,0,none,0,0,0,0,0,0,0,0,0,0,0,0,0,0,0,0,0,0,0,0,0,0,0	//BS_ADRENALINE2

//****
// SL Soul Linker
445,0,0,460:360:260:160:60,0,0,0,99,0,0,none,0,0,0,0,0,0,0,0,0,0,0,0,0,0,0,0,0,0,0,0,0,0,0				//SL_ALCHEMIST
447,0,0,460:360:260:160:60,0,0,0,99,0,0,none,0,0,0,0,0,0,0,0,0,0,0,0,0,0,0,0,0,0,0,0,0,0,0				//SL_MONK
448,0,0,460:360:260:160:60,0,0,0,99,0,0,none,0,0,0,0,0,0,0,0,0,0,0,0,0,0,0,0,0,0,0,0,0,0,0				//SL_STAR
449,0,0,460:360:260:160:60,0,0,0,99,0,0,none,0,0,0,0,0,0,0,0,0,0,0,0,0,0,0,0,0,0,0,0,0,0,0				//SL_SAGE
450,0,0,460:360:260:160:60,0,0,0,99,0,0,none,0,0,0,0,0,0,0,0,0,0,0,0,0,0,0,0,0,0,0,0,0,0,0				//SL_CRUSADER
451,0,0,460:360:260:160:60,0,0,0,99,0,0,none,0,0,0,0,0,0,0,0,0,0,0,0,0,0,0,0,0,0,0,0,0,0,0				//SL_SUPERNOVICE
452,0,0,460:360:260:160:60,0,0,0,99,0,0,none,0,0,0,0,0,0,0,0,0,0,0,0,0,0,0,0,0,0,0,0,0,0,0				//SL_KNIGHT
453,0,0,460:360:260:160:60,0,0,0,99,0,0,none,0,0,0,0,0,0,0,0,0,0,0,0,0,0,0,0,0,0,0,0,0,0,0				//SL_WIZARD
454,0,0,460:360:260:160:60,0,0,0,99,0,0,none,0,0,0,0,0,0,0,0,0,0,0,0,0,0,0,0,0,0,0,0,0,0,0				//SL_PRIEST
455,0,0,460:360:260:160:60,0,0,0,99,0,0,none,0,0,0,0,0,0,0,0,0,0,0,0,0,0,0,0,0,0,0,0,0,0,0				//SL_BARDDANCER
456,0,0,460:360:260:160:60,0,0,0,99,0,0,none,0,0,0,0,0,0,0,0,0,0,0,0,0,0,0,0,0,0,0,0,0,0,0				//SL_ROGUE
457,0,0,460:360:260:160:60,0,0,0,99,0,0,none,0,0,0,0,0,0,0,0,0,0,0,0,0,0,0,0,0,0,0,0,0,0,0				//SL_ASSASSIN
458,0,0,460:360:260:160:60,0,0,0,99,0,0,none,0,0,0,0,0,0,0,0,0,0,0,0,0,0,0,0,0,0,0,0,0,0,0				//SL_BLACKSMITH
460,0,0,460:360:260:160:60,0,0,0,99,0,0,none,0,0,0,0,0,0,0,0,0,0,0,0,0,0,0,0,0,0,0,0,0,0,0				//SL_HUNTER
461,0,0,460:360:260:160:60,0,0,0,99,0,0,none,0,0,0,0,0,0,0,0,0,0,0,0,0,0,0,0,0,0,0,0,0,0,0				//SL_SOULLINKER
462,0,0,120:110:100:90:80:70:60,0,0,0,99,0,0,none,0,0,0,0,0,0,0,0,0,0,0,0,0,0,0,0,0,0,0,0,0,0,0			//SL_KAIZEL
463,0,0,30,0,0,0,99,0,0,none,0,0,0,0,0,0,0,0,0,0,0,0,0,0,0,0,0,0,0,0,0,0,0								//SL_KAAHI
464,0,0,20:30:40,0,0,0,99,0,0,none,0,0,0,0,0,0,0,0,0,0,0,0,0,0,0,0,0,0,0,0,0,0,0						//SL_KAUPE
465,0,0,70,0,0,0,99,0,0,none,0,0,0,0,0,0,0,0,0,0,0,0,0,0,0,0,0,0,0,0,0,0,0								//SL_KAITE
467,0,0,18:20:22:24:26:28:30,0,0,0,99,0,0,none,0,0,0,0,0,0,0,0,0,0,0,0,0,0,0,0,0,0,0,0,0,0,0			//SL_STIN
468,0,0,18:20:22:24:26:28:30,0,0,0,99,0,0,none,0,0,0,0,0,0,0,0,0,0,0,0,0,0,0,0,0,0,0,0,0,0,0			//SL_STUN
469,0,0,8:16:24:32:40:48:56:64:72:80,0,0,0,99,0,0,none,0,0,0,0,0,0,0,0,0,0,0,0,0,0,0,0,0,0,0,0,0,0,0	//SL_SMA
470,0,0,75:65:55:45:35:25:15,0,0,0,99,0,0,none,0,0,0,0,0,0,0,0,0,0,0,0,0,0,0,0,0,0,0,0,0,0,0			//SL_SWOO
471,0,0,55:35:15,0,0,0,99,0,0,none,0,0,0,0,0,0,0,0,0,0,0,0,0,0,0,0,0,0,0,0,0,0,0						//SL_SKE
472,0,0,100:80:60,0,0,0,99,0,0,none,0,0,0,0,0,0,0,0,0,0,0,0,0,0,0,0,0,0,0,0,0,0,0						//SL_SKA

//****
// Other Skills
475,0,0,30,0,0,0,99,0,0,none,0,0,0,0,0,0,0,0,0,0,0,0,0,0,0,0,0,0,0,0,0,0,0								//ST_PRESERVE
476,0,0,22:24:26:28:30,0,0,0,99,0,0,none,0,0,0,0,0,0,0,0,0,0,0,0,0,0,0,0,0,0,0,0,0,0,0					//ST_FULLSTRIP
477,0,0,5,0,0,0,99,0,0,none,0,0,0,0,0,0,0,0,0,0,0,0,0,0,0,0,0,0,0,0,0,0,0								//WS_WEAPONREFINE
478,0,0,30,0,0,0,99,0,0,none,0,0,545,1,545,1,545,1,545,1,545,1,546,1,546,1,546,1,546,1,547,1,0			//CR_SLIMPITCHER
479,0,0,40,0,0,0,99,0,0,none,0,0,7139,1,0,0,0,0,0,0,0,0,0,0,0,0,0,0,0,0,0,0,0							//CR_FULLPROTECTION
480,0,0,28:31:34:37:40,0,0,0,99,0,0,shield,0,0,0,0,0,0,0,0,0,0,0,0,0,0,0,0,0,0,0,0,0,0,0				//PA_SHIELDCHAIN
482,0,0,40:45:50:55:60,0,0,0,99,0,0,none,0,0,0,0,0,0,0,0,0,0,0,0,0,0,0,0,0,0,0,0,0,0,0					//PF_DOUBLECASTING
483,0,0,40,0,0,0,99,0,0,none,0,0,715,1,717,1,0,0,0,0,0,0,0,0,0,0,0,0,0,0,0,0,0							//HW_GANBANTEIN
484,0,0,20:40:60:80:100,0,0,0,99,0,0,none,0,0,717,1,0,0,0,0,0,0,0,0,0,0,0,0,0,0,0,0,0,0,0				//HW_GRAVITATION
485,0,0,15,0,0,600:700:800:900:1000:1100:1200:1300:1400:1500,0:1:2:3:4:5:6:7:8:9:10:12:13:14:15:16:17:18:19:20:21:22,0,0,none,SC_CARTBOOST,0,0,0,0,0,0,0,0,0,0,0,0,0,0,0,0,0,0,0,0,0,0	//WS_CARTTERMINATION
486,0,0,15,0,0,3000:3500:4000:4500:5000,0:1:2:3:4:5:6:7:8:9:10:12:13:14:15:16:17:18:19:20:21:22,0,0,none,0,0,0,0,0,0,0,0,0,0,0,0,0,0,0,0,0,0,0,0,0,0,0	//WS_OVERTHRUSTMAX
487,0,0,15,0,0,0,99,0,0,none,0,0,0,0,0,0,0,0,0,0,0,0,0,0,0,0,0,0,0,0,0,0,0								//CG_LONGINGFREEDOM
488,0,0,20:30:40:50:60,0,0,0,13:14,0,0,none,0,0,0,0,0,0,0,0,0,0,0,0,0,0,0,0,0,0,0,0,0,0,0				//CG_HERMODE
489,0,0,40,0,0,0,99,0,0,none,0,0,0,0,0,0,0,0,0,0,0,0,0,0,0,0,0,0,0,0,0,0,0								//CG_TAROTCARD
490,0,0,30,0,0,0,99,0,0,none,0,0,7135,1,7136,1,0,0,0,0,0,0,0,0,0,0,0,0,0,0,0,0,0						//CR_ACIDDEMONSTRATION
491,0,0,10,0,0,0,99,0,0,none,0,0,921,1,905,1,0,0,0,0,0,0,0,0,0,0,0,0,0,0,0,0,0							//CR_CULTIVATION
492,0,0,1,0,0,0,99,0,0,none,0,0,0,0,0,0,0,0,0,0,0,0,0,0,0,0,0,0,0,0,0,0,0								//ITEM_ENCHANTARMS
493,0,0,10,0,0,0,99,0,0,none,0,0,0,0,0,0,0,0,0,0,0,0,0,0,0,0,0,0,0,0,0,0,0								//TK_MISSION
494,0,0,460:360:260:160:60,0,0,0,99,0,0,none,0,0,0,0,0,0,0,0,0,0,0,0,0,0,0,0,0,0,0,0,0,0,0				//SL_HIGH
495,0,0,100,0,0,0,2,0,0,none,0,0,0,0,0,0,0,0,0,0,0,0,0,0,0,0,0,0,0,0,0,0,0								//KN_ONEHAND
496,0,0,200,0,0,0,99,0,0,none,0,0,7134,200,0,0,0,0,0,0,0,0,0,0,0,0,0,0,0,0,0,0,0						//AM_TWILIGHT1
497,0,0,200,0,0,0,99,0,0,none,0,0,7134,200,0,0,0,0,0,0,0,0,0,0,0,0,0,0,0,0,0,0,0						//AM_TWILIGHT2
498,0,0,200,0,0,0,99,0,0,none,0,0,7134,200,0,0,0,0,0,0,0,0,0,0,0,0,0,0,0,0,0,0,0						//AM_TWILIGHT3
499,0,0,12,0,0,0,11,1,1,none,0,0,0,0,0,0,0,0,0,0,0,0,0,0,0,0,0,0,0,0,0,0,0								//HT_POWER

//****
// GS Gunslinger
500,0,0,2,0,0,1,99,0,0,none,0,0,0,0,0,0,0,0,0,0,0,0,0,0,0,0,0,0,0,0,0,0,0								//GS_GLITTERING
501,0,0,10,0,0,0,99,0,0,none,0,5,0,0,0,0,0,0,0,0,0,0,0,0,0,0,0,0,0,0,0,0,0								//GS_FLING
502,0,0,20,0,0,0,99,99,1,none,0,1,0,0,0,0,0,0,0,0,0,0,0,0,0,0,0,0,0,0,0,0,0								//GS_TRIPLEACTION
503,0,0,30,0,0,0,99,99,1,none,0,1,0,0,0,0,0,0,0,0,0,0,0,0,0,0,0,0,0,0,0,0,0								//GS_BULLSEYE
504,0,0,30,0,0,0,99,0,0,none,0,4,0,0,0,0,0,0,0,0,0,0,0,0,0,0,0,0,0,0,0,0,0								//GS_MADNESSCANCEL
505,0,0,15,0,0,0,99,0,0,none,0,2,0,0,0,0,0,0,0,0,0,0,0,0,0,0,0,0,0,0,0,0,0								//GS_ADJUSTMENT
506,0,0,30,0,0,0,99,0,0,none,0,4,0,0,0,0,0,0,0,0,0,0,0,0,0,0,0,0,0,0,0,0,0								//GS_INCREASING
507,0,0,7,0,0,0,99,0,0,none,0,1,0,0,0,0,0,0,0,0,0,0,0,0,0,0,0,0,0,0,0,0,0								//GS_MAGICALBULLET
508,0,0,10,0,0,0,99,99,1,none,0,1,0,0,0,0,0,0,0,0,0,0,0,0,0,0,0,0,0,0,0,0,0								//GS_CRACKER
512,0,0,15:20:25:30:35:40:45:50:55:60,0,0,0,17:18,3,1,none,0,0,0,0,0,0,0,0,0,0,0,0,0,0,0,0,0,0,0,0,0,0,0	//GS_TRACKING
513,0,0,15:20:25:30:35,0,0,0,17:18,3,1,none,0,0,0,0,0,0,0,0,0,0,0,0,0,0,0,0,0,0,0,0,0,0,0				//GS_DISARM
514,0,0,11:12:13:14:15,0,0,0,17:18,3,1,none,0,0,0,0,0,0,0,0,0,0,0,0,0,0,0,0,0,0,0,0,0,0,0				//GS_PIERCINGSHOT
515,0,0,22:24:26:28:30:32:34:36:38:40,0,0,0,17,3,5,none,0,0,0,0,0,0,0,0,0,0,0,0,0,0,0,0,0,0,0,0,0,0,0	//GS_RAPIDSHOWER
516,0,0,32:34:36:38:40:42:44:46:48:50,0,0,0,17,3,10,none,0,0,0,0,0,0,0,0,0,0,0,0,0,0,0,0,0,0,0,0,0,0,0	//GS_DESPERADO
517,0,0,30:32:34:36:38:40:42:44:46:48,0,0,0,19,0,0,none,0,0,0,0,0,0,0,0,0,0,0,0,0,0,0,0,0,0,0,0,0,0,0	//GS_GATLINGFEVER
518,0,0,3:6:9:12:15:18:21:24:27:30,0,0,0,20,3,1,none,0,0,0,0,0,0,0,0,0,0,0,0,0,0,0,0,0,0,0,0,0,0,0		//GS_DUST
519,0,0,20:25:30:35:40:45:50:55:60:65,0,0,0,20,3,2:2:4:4:6:6:8:8:10:10,none,0,0,0,0,0,0,0,0,0,0,0,0,0,0,0,0,0,0,0,0,0,0,0	//GS_FULLBUSTER
520,0,0,15:20:25:30:35:40:45:50:55:60,0,0,0,20,3,5,none,0,0,0,0,0,0,0,0,0,0,0,0,0,0,0,0,0,0,0,0,0,0,0	//GS_SPREADATTACK
521,0,0,4:8:12:16:20:24:28:32:36:40,0,0,0,21,5,1,none,0,0,0,0,0,0,0,0,0,0,0,0,0,0,0,0,0,0,0,0,0,0,0		//GS_GROUNDDRIFT

//****
// NJ Ninja
523,0,0,2,0,0,0,99,6,1,none,0,0,0,0,0,0,0,0,0,0,0,0,0,0,0,0,0,0,0,0,0,0,0								//NJ_SYURIKEN
524,0,0,30:25:20:15:10,0,0,0,99,7,1,none,0,0,0,0,0,0,0,0,0,0,0,0,0,0,0,0,0,0,0,0,0,0,0					//NJ_KUNAI
525,0,0,20:25:30:35:40,0,0,0,22,0,0,none,0,0,0,0,0,0,0,0,0,0,0,0,0,0,0,0,0,0,0,0,0,0,0					//NJ_HUUMA
526,0,0,50,0,0,500:1000:1500:2000:2500:3000:3500:4000:4500:5000,99,0,0,none,0,0,0,0,0,0,0,0,0,0,0,0,0,0,0,0,0,0,0,0,0,0,0	//NJ_ZENYNAGE
527,0,0,15,0,0,0,99,0,0,none,0,0,0,0,0,0,0,0,0,0,0,0,0,0,0,0,0,0,0,0,0,0,0								//NJ_TATAMIGAESHI
528,0,0,10:12:14:16:18:20:22:24:26:28,0,0,0,99,0,0,none,0,0,0,0,0,0,0,0,0,0,0,0,0,0,0,0,0,0,0,0,0,0,0	//NJ_KASUMIKIRI
529,0,0,10,0,0,0,99,0,0,none,SC_HIDING,0,0,0,0,0,0,0,0,0,0,0,0,0,0,0,0,0,0,0,0,0,0						//NJ_SHADOWJUMP
530,0,0,14:16:18:20:22,0,0,0,99,0,0,none,SC_HIDING,0,0,0,0,0,0,0,0,0,0,0,0,0,0,0,0,0,0,0,0,0,0			//NJ_KIRIKAGE
531,0,0,12:15:18:21:24,0,0,0,99,0,0,none,0,0,0,0,0,0,0,0,0,0,0,0,0,0,0,0,0,0,0,0,0,0,0					//NJ_UTSUSEMI
532,0,0,30:32:34:36:38:40:42:44:46:48,0,0,0,99,0,0,none,0,0,7524,1,0,0,0,0,0,0,0,0,0,0,0,0,0,0,0,0,0,0,0	//NJ_BUNSINJYUTSU
533,0,0,10,0,0,0,99,0,0,none,0,0,0,0,0,0,0,0,0,0,0,0,0,0,0,0,0,0,0,0,0,0,0								//NJ_NINPOU
534,0,0,18:20:22:24:26:28:30:32:34:36,0,0,0,99,0,0,none,0,0,0,0,0,0,0,0,0,0,0,0,0,0,0,0,0,0,0,0,0,0,0	//NJ_KOUENKA
535,0,0,25,0,0,0,99,0,0,none,0,0,7521,1,0,0,0,0,0,0,0,0,0,0,0,0,0,0,0,0,0,0,0							//NJ_KAENSIN
536,0,0,20:25:30:35:40,0,0,0,99,0,0,none,0,0,7521,1,0,0,0,0,0,0,0,0,0,0,0,0,0,0,0,0,0,0,0				//NJ_BAKUENRYU
537,0,0,15:18:21:24:27:30:33:36:39:42,0,0,0,99,0,0,none,0,0,0,0,0,0,0,0,0,0,0,0,0,0,0,0,0,0,0,0,0,0,0	//NJ_HYOUSENSOU
538,0,0,15:18:21:24:27:30:33:36:39:42,0,0,0,99,0,0,none,0,0,7522,1,0,0,0,0,0,0,0,0,0,0,0,0,0,0,0,0,0,0,0	//NJ_SUITON
539,0,0,40:45:50:55:60,0,0,0,99,0,0,none,0,0,7522,1,0,0,0,0,0,0,0,0,0,0,0,0,0,0,0,0,0,0,0				//NJ_HYOUSYOURAKU
540,0,0,12:14:16:18:20:22:24:26:28:30,0,0,0,99,0,0,none,0,0,0,0,0,0,0,0,0,0,0,0,0,0,0,0,0,0,0,0,0,0,0	//NJ_HUUJIN
541,0,0,16:20:24:28:32,0,0,0,99,0,0,none,0,0,7523,1,0,0,0,0,0,0,0,0,0,0,0,0,0,0,0,0,0,0,0				//NJ_RAIGEKISAI
542,0,0,24:28:32:36:40,0,0,0,99,0,0,none,0,0,7523,1,0,0,0,0,0,0,0,0,0,0,0,0,0,0,0,0,0,0,0				//NJ_KAMAITACHI
543,0,0,20:30:40:50:60,-5,0,0,99,0,0,none,0,0,0,0,0,0,0,0,0,0,0,0,0,0,0,0,0,0,0,0,0,0,0					//NJ_NEN
544,0,0,55:60:65:70:75:80:85:90:95:100,0,0,0,99,0,0,none,0,0,0,0,0,0,0,0,0,0,0,0,0,0,0,0,0,0,0,0,0,0,0	//NJ_ISSEN

688,0,0,1,0,0,0,99,0,0,none,0,0,0,0,0,0,0,0,0,0,0,0,0,0,0,0,0,0,0,0,0,0,0								//GM_SANDMAN
698,0,0,1,0,0,0,99,0,0,none,0,0,0,0,0,0,0,0,0,0,0,0,0,0,0,0,0,0,0,0,0,0,0								//ALL_WEWISH

1001,0,0,40,0,0,0,99,0,0,none,0,0,0,0,0,0,0,0,0,0,0,0,0,0,0,0,0,0,0,0,0,0,0								//KN_CHARGEATK
1002,0,0,15,0,0,0,99,0,0,shield,0,0,0,0,0,0,0,0,0,0,0,0,0,0,0,0,0,0,0,0,0,0,0							//CR_SHRINK
1004,0,0,15,0,0,0,99,2,1,none,0,0,0,0,0,0,0,0,0,0,0,0,0,0,0,0,0,0,0,0,0,0,0								//AS_VENOMKNIFE
1005,0,0,25,0,0,0,99,0,0,none,0,0,0,0,0,0,0,0,0,0,0,0,0,0,0,0,0,0,0,0,0,0,0								//RG_CLOSECONFINE
1006,0,0,40,0,0,0,99,0,0,none,0,0,0,0,0,0,0,0,0,0,0,0,0,0,0,0,0,0,0,0,0,0,0								//WZ_SIGHTBLASTER
1007,0,0,30,0,0,0,99,0,0,none,0,0,0,0,0,0,0,0,0,0,0,0,0,0,0,0,0,0,0,0,0,0,0								//SA_CREATECON
1008,0,0,30,0,0,0,99,0,0,none,0,0,12115,1,0,0,0,0,0,0,0,0,0,0,0,0,0,0,0,0,0,0,0							//SA_ELEMENTWATER
1009,0,0,10,0,0,0,11,0,0,none,0,0,0,0,0,0,0,0,0,0,0,0,0,0,0,0,0,0,0,0,0,0,0								//HT_PHANTASMIC
1010,0,0,20,0,0,0,99,0,0,none,0,0,0,0,0,0,0,0,0,0,0,0,0,0,0,0,0,0,0,0,0,0,0								//BA_PANGVOICE
1011,0,0,40,0,0,0,99,0,0,none,0,0,0,0,0,0,0,0,0,0,0,0,0,0,0,0,0,0,0,0,0,0,0								//DC_WINKCHARM
1013,0,0,10,0,0,0,99,0,0,none,0,0,0,0,0,0,0,0,0,0,0,0,0,0,0,0,0,0,0,0,0,0,0								//BS_GREED
1014,0,0,400,0,0,0,99,0,0,none,0,0,0,0,0,0,0,0,0,0,0,0,0,0,0,0,0,0,0,0,0,0,0							//PR_REDEMPTIO
1015,0,0,40,0,0,0,99,0,0,none,0,1,0,0,0,0,0,0,0,0,0,0,0,0,0,0,0,0,0,0,0,0,0								//MO_KITRANSLATION
1016,10,0,20,0,0,0,99,0,0,none,0,0,0,0,0,0,0,0,0,0,0,0,0,0,0,0,0,0,0,0,0,0,0							//MO_BALKYOUNG
1017,0,0,30,0,0,0,99,0,0,none,0,0,12116,1,0,0,0,0,0,0,0,0,0,0,0,0,0,0,0,0,0,0,0							//SA_ELEMENTGROUND
1018,0,0,30,0,0,0,99,0,0,none,0,0,12114,1,0,0,0,0,0,0,0,0,0,0,0,0,0,0,0,0,0,0,0							//SA_ELEMENTFIRE
1019,0,0,30,0,0,0,99,0,0,none,0,0,12117,1,0,0,0,0,0,0,0,0,0,0,0,0,0,0,0,0,0,0,0							//SA_ELEMENTWIND

//*****
// RK Rune Knight
2001,0,0,40:45:50:55:60,0,0,0,99,0,0,none,0,0,0,0,0,0,0,0,0,0,0,0,0,0,0,0,0,0,0,0,0,0,0					//RK_ENCHANTBLADE
2002,0,0,30:35:40:45:50,0,0,0,99,0,0,none,0,0,0,0,0,0,0,0,0,0,0,0,0,0,0,0,0,0,0,0,0,0,0					//RK_SONICWAVE
2003,0,0,50:60:65:70:75:80:85:90:95:100,0,0,0,99,0,0,none,0,0,0,0,0,0,0,0,0,0,0,0,0,0,0,0,0,0,0,0,0,0,0	//RK_DEATHBOUND
2004,0,0,60,0,0,0,4:5,0,0,none,0,0,0,0,0,0,0,0,0,0,0,0,0,0,0,0,0,0,0,0,0,0,0							//RK_HUNDREDSPEAR
2005,0,0,20:24:28:32:36,0,0,0,1:2:3:4:5,0,0,none,0,0,0,0,0,0,0,0,0,0,0,0,0,0,0,0,0,0,0,0,0,0,0			//RK_WINDCUTTER
2006,0,0,35:40:45:50:55,0,0,0,1:2:3:4:5,0,0,none,0,0,0,0,0,0,0,0,0,0,0,0,0,0,0,0,0,0,0,0,0,0,0			//RK_IGNITIONBREAK
2008,0,0,30:35:40:45:50:55:60:65:70:75,0,0,0,99,0,0,dragon,0,0,0,0,0,0,0,0,0,0,0,0,0,0,0,0,0,0,0,0,0,0,0	//RK_DRAGONBREATH
2009,0,0,30,0,0,0,99,0,0,dragon,0,0,0,0,0,0,0,0,0,0,0,0,0,0,0,0,0,0,0,0,0,0,0							//RK_DRAGONHOWLING
2011,0,0,1,0,0,0,99,0,0,none,0,0,0,0,0,0,0,0,0,0,0,0,0,0,0,0,0,0,0,0,0,0,0								//RK_MILLENNIUMSHIELD
2012,0,0,1,0,0,0,99,0,0,none,0,0,0,0,0,0,0,0,0,0,0,0,0,0,0,0,0,0,0,0,0,0,0								//RK_CRUSHSTRIKE
2013,0,0,1,0,0,0,99,0,0,none,0,0,0,0,0,0,0,0,0,0,0,0,0,0,0,0,0,0,0,0,0,0,0								//RK_REFRESH
2014,0,0,1,0,0,0,99,0,0,none,0,0,0,0,0,0,0,0,0,0,0,0,0,0,0,0,0,0,0,0,0,0,0								//RK_GIANTGROWTH
2015,0,0,1,0,0,0,99,0,0,none,0,0,0,0,0,0,0,0,0,0,0,0,0,0,0,0,0,0,0,0,0,0,0								//RK_STONEHARDSKIN
2016,0,0,1,0,0,0,99,0,0,none,0,0,0,0,0,0,0,0,0,0,0,0,0,0,0,0,0,0,0,0,0,0,0								//RK_VITALITYACTIVATION
2017,0,0,1,0,0,0,99,0,0,none,0,0,0,0,0,0,0,0,0,0,0,0,0,0,0,0,0,0,0,0,0,0,0								//RK_STORMBLAST
2018,0,0,1,0,0,0,99,0,0,none,0,0,0,0,0,0,0,0,0,0,0,0,0,0,0,0,0,0,0,0,0,0,0								//RK_FIGHTINGSPIRIT
2019,0,0,1,0,0,0,99,0,0,none,0,0,0,0,0,0,0,0,0,0,0,0,0,0,0,0,0,0,0,0,0,0,0								//RK_ABUNDANCE
2020,0,0,15:18:21:24:27,0,0,0,4:5,0,0,none,0,0,0,0,0,0,0,0,0,0,0,0,0,0,0,0,0,0,0,0,0,0,0				//RK_PHANTOMTHRUST

//****
// GC Guilottine Cross
2021,0,0,12:16:20:24:28,0,0,0,99,0,0,none,0,0,0,0,0,0,0,0,0,0,0,0,0,0,0,0,0,0,0,0,0,0,0					//GC_VENOMIMPRESS
2022,0,0,25,0,0,0,99,0,0,move_enable,0,0,0,0,0,0,0,0,0,0,0,0,0,0,0,0,0,0,0,0,0,0,0						//GC_CROSSIMPACT //CHECK Is this move_enable needed?
2023,0,0,40,0,0,0,99,0,0,none,0,0,0,0,0,0,0,0,0,0,0,0,0,0,0,0,0,0,0,0,0,0,0								//GC_DARKILLUSION

2025,0,0,10,0,0,0,99,0,0,none,0,0,0,0,0,0,0,0,0,0,0,0,0,0,0,0,0,0,0,0,0,0,0								//GC_CREATENEWPOISON
2026,0,0,10,0,0,0,99,0,0,none,0,0,6128,1,0,0,0,0,0,0,0,0,0,0,0,0,0,0,0,0,0,0,0							//GC_ANTIDOTE
2027,0,0,20:24:28:32:36,0,0,0,1:16,0,0,none,0,0,0,0,0,0,0,0,0,0,0,0,0,0,0,0,0,0,0,0,0,0,0				//GC_POISONINGWEAPON
2028,0,0,40:36:32:28:24,0,0,0,99,0,0,none,0,0,0,0,0,0,0,0,0,0,0,0,0,0,0,0,0,0,0,0,0,0,0					//GC_WEAPONBLOCKING
2029,0,0,5:8:11:14:17,0,0,0,99,0,0,none,0,0,0,0,0,0,0,0,0,0,0,0,0,0,0,0,0,0,0,0,0,0,0					//GC_COUNTERSLASH
2030,0,0,20,0,0,0,99,0,0,none,0,0,0,0,0,0,0,0,0,0,0,0,0,0,0,0,0,0,0,0,0,0,0								//GC_WEAPONCRUSH
2031,0,0,30:40:50:60:70,0,0,0,99,0,0,none,SC_POISONINGWEAPON,0,0,0,0,0,0,0,0,0,0,0,0,0,0,0,0,0,0,0,0,0,0	//GC_VENOMPRESSURE
2032,0,0,40,0,0,0,99,0,0,none,SC_POISONINGWEAPON,0,0,0,0,0,0,0,0,0,0,0,0,0,0,0,0,0,0,0,0,0,0			//GC_POISONSMOKE
2033,0,0,45,0,0,0,99,0,0,none,0,0,0,0,0,0,0,0,0,0,0,0,0,0,0,0,0,0,0,0,0,0,0								//GC_CLOAKINGEXCEED
2034,0,0,30,0,0,0,99,0,0,none,0,0,0,0,0,0,0,0,0,0,0,0,0,0,0,0,0,0,0,0,0,0,0								//GC_PHANTOMMENACE
2035,0,0,100,10,0,0,99,0,0,none,0,0,0,0,0,0,0,0,0,0,0,0,0,0,0,0,0,0,0,0,0,0,0							//GC_HALLUCINATIONWALK
2036,0,0,5,0,0,0,16,0,0,none,0,0,0,0,0,0,0,0,0,0,0,0,0,0,0,0,0,0,0,0,0,0,0								//GC_ROLLINGCUTTER
2037,0,0,20:24:28:32:36,0,0,0,16,0,0,none,SC_ROLLINGCUTTER,0,0,0,0,0,0,0,0,0,0,0,0,0,0,0,0,0,0,0,0,0,0	//GC_CROSSRIPPERSLASHER

//****
// WL Warlock
2201,0,0,50:55:60:65:70,0,0,0,99,0,0,none,0,0,0,0,0,0,0,0,0,0,0,0,0,0,0,0,0,0,0,0,0,0,0					//WL_WHITEIMPRISON
2202,0,0,30:35:40:45:50,0,0,0,99,0,0,none,0,0,0,0,0,0,0,0,0,0,0,0,0,0,0,0,0,0,0,0,0,0,0					//WL_SOULEXPANSION
2203,0,0,40:48:56:64:72,0,0,0,99,0,0,none,0,0,0,0,0,0,0,0,0,0,0,0,0,0,0,0,0,0,0,0,0,0,0					//WL_FROSTMISTY
2204,0,0,50:60:70:80:90,0,0,0,99,0,0,none,0,0,0,0,0,0,0,0,0,0,0,0,0,0,0,0,0,0,0,0,0,0,0					//WL_JACKFROST
2205,0,0,40:42:44:46:48,0,0,0,99,0,0,none,0,0,0,0,0,0,0,0,0,0,0,0,0,0,0,0,0,0,0,0,0,0,0					//WL_MARSHOFABYSS
2206,0,0,100:120:140:160:180,0,0,0,99,0,0,none,0,0,0,0,0,0,0,0,0,0,0,0,0,0,0,0,0,0,0,0,0,0,0			//WL_RECOGNIZEDSPELL
2207,0,0,32:34:36:38:40,0,0,0,99,0,0,none,0,0,716,2,0,0,0,0,0,0,0,0,0,0,0,0,0,0,0,0,0,0,0				//WL_SIENNAEXECRATE

2209,0,0,50:60:70:80:90,0,0,0,99,0,0,none,0,0,0,0,0,0,0,0,0,0,0,0,0,0,0,0,0,0,0,0,0,0,0					//WL_STASIS
2210,0,0,20:24:28:32:36,0,0,0,99,0,0,none,0,0,0,0,0,0,0,0,0,0,0,0,0,0,0,0,0,0,0,0,0,0,0					//WL_DRAINLIFE
2211,0,0,60:70:80:90:100,0,0,0,99,0,0,none,0,0,0,0,0,0,0,0,0,0,0,0,0,0,0,0,0,0,0,0,0,0,0				//WL_CRIMSONROCK
2212,0,0,35:40:45:50:55,0,0,0,99,0,0,none,0,0,0,0,0,0,0,0,0,0,0,0,0,0,0,0,0,0,0,0,0,0,0					//WL_HELLINFERNO
2213,0,0,480:560:640:720:800,0,0,0,99,0,0,none,0,0,716,2,0,0,0,0,0,0,0,0,0,0,0,0,0,0,0,0,0,0,0			//WL_COMET
2214,0,0,80:90:100:110:120,0,0,0,99,0,0,none,0,0,0,0,0,0,0,0,0,0,0,0,0,0,0,0,0,0,0,0,0,0,0				//WL_CHAINLIGHTNING
2215,0,0,1,0,0,0,99,0,0,none,0,0,0,0,0,0,0,0,0,0,0,0,0,0,0,0,0,0,0,0,0,0,0								//WL_CHAINLIGHTNING_ATK
2216,0,0,70:78:86:94:102,0,0,0,99,0,0,none,0,0,0,0,0,0,0,0,0,0,0,0,0,0,0,0,0,0,0,0,0,0,0				//WL_EARTHSTRAIN
2217,0,0,120:150:180:210:240,0,0,0,99,0,0,none,0,0,0,0,0,0,0,0,0,0,0,0,0,0,0,0,0,0,0,0,0,0,0			//WL_TETRAVORTEX
2218,0,0,1,0,0,0,99,0,0,none,0,0,0,0,0,0,0,0,0,0,0,0,0,0,0,0,0,0,0,0,0,0,0								//WL_TETRAVORTEX_FIRE
2219,0,0,1,0,0,0,99,0,0,none,0,0,0,0,0,0,0,0,0,0,0,0,0,0,0,0,0,0,0,0,0,0,0								//WL_TETRAVORTEX_WATER
2220,0,0,1,0,0,0,99,0,0,none,0,0,0,0,0,0,0,0,0,0,0,0,0,0,0,0,0,0,0,0,0,0,0								//WL_TETRAVORTEX_WIND
2221,0,0,1,0,0,0,99,0,0,none,0,0,0,0,0,0,0,0,0,0,0,0,0,0,0,0,0,0,0,0,0,0,0								//WL_TETRAVORTEX_GROUND
2222,0,0,10:12:14:16:18,0,0,0,99,0,0,none,0,0,0,0,0,0,0,0,0,0,0,0,0,0,0,0,0,0,0,0,0,0,0					//WL_SUMMONFB
2223,0,0,10:12:14:16:18,0,0,0,99,0,0,none,0,0,0,0,0,0,0,0,0,0,0,0,0,0,0,0,0,0,0,0,0,0,0					//WL_SUMMONBL
2224,0,0,10:12:14:16:18,0,0,0,99,0,0,none,0,0,0,0,0,0,0,0,0,0,0,0,0,0,0,0,0,0,0,0,0,0,0					//WL_SUMMONWB
2225,0,0,1,0,0,0,99,0,0,none,0,0,0,0,0,0,0,0,0,0,0,0,0,0,0,0,0,0,0,0,0,0,0								//WL_SUMMON_ATK_FIRE
2226,0,0,1,0,0,0,99,0,0,none,0,0,0,0,0,0,0,0,0,0,0,0,0,0,0,0,0,0,0,0,0,0,0								//WL_SUMMON_ATK_WIND
2227,0,0,1,0,0,0,99,0,0,none,0,0,0,0,0,0,0,0,0,0,0,0,0,0,0,0,0,0,0,0,0,0,0								//WL_SUMMON_ATK_WATER
2228,0,0,1,0,0,0,99,0,0,none,0,0,0,0,0,0,0,0,0,0,0,0,0,0,0,0,0,0,0,0,0,0,0								//WL_SUMMON_ATK_GROUND
2229,0,0,10:12:14:16:18,0,0,0,99,0,0,none,0,0,0,0,0,0,0,0,0,0,0,0,0,0,0,0,0,0,0,0,0,0,0					//WL_SUMMONSTONE
2230,0,0,3:20,0,0,0,99,0,0,none,0,0,0,0,0,0,0,0,0,0,0,0,0,0,0,0,0,0,0,0,0,0,0							//WL_RELEASE
2231,0,0,40,0,0,0,99,0,0,none,0,0,0,0,0,0,0,0,0,0,0,0,0,0,0,0,0,0,0,0,0,0,0								//WL_READING_SB
//2232,0,0,1,0,0,0,99,0,0,none,0,0,0,0,0,0,0,0,0,0,0,0,0,0,0,0,0,0,0,0,0,0,0							//WL_FREEZE_SP (Passive Skill)

//****
// AB Arch Bishop
2038,0,0,20:23:26:29:32,0,0,0,99,0,0,none,0,0,0,0,0,0,0,0,0,0,0,0,0,0,0,0,0,0,0,0,0,0,0					//AB_JUDEX
2039,0,0,30,0,-10,0,99,0,0,none,0,0,717,1,0,0,0,0,0,0,0,0,0,0,0,0,0,0,0,0,0,0,0							//AB_ANCILLA
2040,0,0,22:28:34:40:46:52:58:64:70:76,0,0,0,99,0,0,none,0,0,717,1,0,0,0,0,0,0,0,0,0,0,0,0,0,0,0,0,0,0,0	//AB_ADORAMUS
2041,0,0,280:320:360,0,0,0,99,0,0,none,0,0,0,0,0,0,0,0,0,0,0,0,0,0,0,0,0,0,0,0,0,0,0					//AB_CLEMENTIA
2042,0,0,200:220:240,0,0,0,99,0,0,none,0,0,0,0,0,0,0,0,0,0,0,0,0,0,0,0,0,0,0,0,0,0,0					//AB_CANTO
2043,0,0,200:220:240,0,0,0,99,0,0,none,0,0,0,0,0,0,0,0,0,0,0,0,0,0,0,0,0,0,0,0,0,0,0					//AB_CHEAL
2044,0,0,300,0,0,0,99,0,0,none,0,0,12333,1,523,1,0,0,0,0,0,0,0,0,0,0,0,0,0,0,0,0,0						//AB_EPICLESIS
2045,0,0,90:100:110:120:130:140:150:160:170:180,0,0,0,99,0,0,none,0,0,0,0,0,0,0,0,0,0,0,0,0,0,0,0,0,0,0,0,0,0,0	//AB_PRAEFATIO
2046,0,0,35:38:41:44:47:50:53:56:59:62,0,0,0,99,0,0,none,0,0,0,0,0,0,0,0,0,0,0,0,0,0,0,0,0,0,0,0,0,0,0	//AB_ORATIO
2047,0,0,50:60:70:80,0,0,0,99,0,0,none,0,0,0,0,0,0,0,0,0,0,0,0,0,0,0,0,0,0,0,0,0,0,0					//AB_LAUDAAGNUS
2048,0,0,50:60:70:80,0,0,0,99,0,0,none,0,0,0,0,0,0,0,0,0,0,0,0,0,0,0,0,0,0,0,0,0,0,0					//AB_LAUDARAMUS

2050,0,0,70,0,0,0,99,0,0,none,0,0,0,0,0,0,0,0,0,0,0,0,0,0,0,0,0,0,0,0,0,0,0								//AB_RENOVATIO
2051,0,0,70:100:130:160:190,0,0,0,99,0,0,none,0,0,0,0,0,0,0,0,0,0,0,0,0,0,0,0,0,0,0,0,0,0,0				//AB_HIGHNESSHEAL
2052,0,0,54:60:66:72:78,0,0,0,99,0,0,none,0,0,0,0,0,0,0,0,0,0,0,0,0,0,0,0,0,0,0,0,0,0,0					//AB_CLEARANCE
2053,0,0,35:40:45:50:55,0,0,0,99,0,0,none,0,0,0,0,0,0,0,0,0,0,0,0,0,0,0,0,0,0,0,0,0,0,0					//AB_EXPIATIO
2054,0,0,55:60:65:70:75:80:85:90:95:100,0,0,0,99,0,0,none,0,0,0,0,0,0,0,0,0,0,0,0,0,0,0,0,0,0,0,0,0,0,0	//AB_DUPLELIGHT
2055,0,0,1,0,0,0,99,0,0,none,0,0,0,0,0,0,0,0,0,0,0,0,0,0,0,0,0,0,0,0,0,0,0								//AB_DUPLELIGHT_MELEE
2056,0,0,1,0,0,0,99,0,0,none,0,0,0,0,0,0,0,0,0,0,0,0,0,0,0,0,0,0,0,0,0,0,0								//AB_DUPLELIGHT_MAGIC
2057,0,0,64:68:72:76:80,0,0,0,99,0,0,none,0,0,0,0,0,0,0,0,0,0,0,0,0,0,0,0,0,0,0,0,0,0,0					//AB_SILENTIUM

2515,0,0,100:120:140:160:180,0,0,0,99,0,0,none,0,0,0,0,0,0,0,0,0,0,0,0,0,0,0,0,0,0,0,0,0,0,0			//AB_SECRAMENT

//****
// RA Ranger
2233,0,0,30:32:34:36:38:40:42:44:46:48,0,0,0,11,1,10,none,0,0,0,0,0,0,0,0,0,0,0,0,0,0,0,0,0,0,0,0,0,0,0	//RA_ARROWSTORM
2234,0,0,55:60:65:70:75,0,0,0,11,0,0,none,0,0,0,0,0,0,0,0,0,0,0,0,0,0,0,0,0,0,0,0,0,0,0					//RA_FEARBREEZE

2236,0,0,30:32:34:36:38:40:42:44:46:48,0,0,0,11,1,1,none,0,0,0,0,0,0,0,0,0,0,0,0,0,0,0,0,0,0,0,0,0,0,0	//RA_AIMEDBOLT //How many arrows does it require???
2237,0,0,15,0,0,0,99,0,0,none,0,0,0,0,0,0,0,0,0,0,0,0,0,0,0,0,0,0,0,0,0,0,0								//RA_DETONATOR
2238,0,0,35,0,0,0,99,0,0,none,0,0,7940,1,0,0,0,0,0,0,0,0,0,0,0,0,0,0,0,0,0,0,0							//RA_ELECTRICSHOCKER
2239,0,0,20,0,0,0,99,0,0,none,0,0,7940,1,0,0,0,0,0,0,0,0,0,0,0,0,0,0,0,0,0,0,0							//RA_CLUSTERBOMB
2240,0,0,5,0,0,0,99,0,0,none,0,0,6124,0,0,0,0,0,0,0,0,0,0,0,0,0,0,0,0,0,0,0,0							//RA_WUGMASTERY
2241,0,0,2,0,0,0,99,0,0,none,0,0,0,0,0,0,0,0,0,0,0,0,0,0,0,0,0,0,0,0,0,0,0								//RA_WUGRIDER
2242,0,0,4,0,0,0,99,0,0,move_enable,0,0,0,0,0,0,0,0,0,0,0,0,0,0,0,0,0,0,0,0,0,0,0						//RA_WUGDASH
2243,0,0,20:22:24:26:28,0,0,0,99,0,0,none,0,0,0,0,0,0,0,0,0,0,0,0,0,0,0,0,0,0,0,0,0,0,0					//RA_WUGSTRIKE
2244,0,0,40:42:44:46:48,0,0,0,99,0,0,warg,0,0,0,0,0,0,0,0,0,0,0,0,0,0,0,0,0,0,0,0,0,0,0					//RA_WUGBITE

2246,0,0,12,0,0,0,99,0,0,warg,0,0,0,0,0,0,0,0,0,0,0,0,0,0,0,0,0,0,0,0,0,0,0								//RA_SENSITIVEKEEN
2247,0,0,40,0,0,0,99,0,0,none,0,0,0,0,0,0,0,0,0,0,0,0,0,0,0,0,0,0,0,0,0,0,0								//RA_CAMOUFLAGE

2249,0,0,10,0,0,0,99,0,0,none,0,0,7940,1,6360,1,0,0,0,0,0,0,0,0,0,0,0,0,0,0,0,0,0						//RA_MAGENTATRAP
2250,0,0,10,0,0,0,99,0,0,none,0,0,7940,1,6361,1,0,0,0,0,0,0,0,0,0,0,0,0,0,0,0,0,0						//RA_COBALTTRAP
2251,0,0,10,0,0,0,99,0,0,none,0,0,7940,1,6363,1,0,0,0,0,0,0,0,0,0,0,0,0,0,0,0,0,0						//RA_MAIZETRAP
2252,0,0,10,0,0,0,99,0,0,none,0,0,7940,1,6362,1,0,0,0,0,0,0,0,0,0,0,0,0,0,0,0,0,0						//RA_VERDURETRAP
2253,0,0,10,0,0,0,99,0,0,none,0,0,7940,1,0,0,0,0,0,0,0,0,0,0,0,0,0,0,0,0,0,0,0							//RA_FIRINGTRAP
2254,0,0,10,0,0,0,99,0,0,none,0,0,7940,1,0,0,0,0,0,0,0,0,0,0,0,0,0,0,0,0,0,0,0							//RA_ICEBOUNDTRAP

//****
// NC Mechanic
2256,0,0,3:6:9:12:15,0,0,0,99,0,0,mado,0,0,0,0,0,0,0,0,0,0,0,0,0,0,0,0,0,0,0,0,0,0,0					//NC_BOOSTKNUCKLE
2257,0,0,50,0,0,0,99,0,0,mado,0,0,0,0,0,0,0,0,0,0,0,0,0,0,0,0,0,0,0,0,0,0,1549:16030:16031:16032		//NC_PILEBUNKER
2258,0,0,2:4:6,0,0,0,99,0,0,mado,0,0,6145,1,0,0,0,0,0,0,0,0,0,0,0,0,0,0,0,0,0,0,0						//NC_VULCANARM
2259,0,0,20,0,0,0,99,0,0,mado,0,0,2139,0,6146,1,0,0,0,0,0,0,0,0,0,0,0,0,0,0,0,0,0						//NC_FLAMELAUNCHER
2260,0,0,20,0,0,0,99,0,0,mado,0,0,6146,1,6147,1,0,0,0,0,0,0,0,0,0,0,0,0,0,0,0,0,0						//NC_COLDSLOWER
2261,0,0,30:45:60,0,0,0,99,8,1,mado,0,0,6146,1,0,0,0,0,0,0,0,0,0,0,0,0,0,0,0,0,0,0,0					//NC_ARMSCANNON
2262,0,0,20:40:60,0,0,0,99,0,0,mado,0,0,6146,1,0,0,0,0,0,0,0,0,0,0,0,0,0,0,0,0,0,0,2800					//NC_ACCELERATION
2263,0,0,25,0,0,0,99,0,0,mado,0,0,6146,1,0,0,0,0,0,0,0,0,0,0,0,0,0,0,0,0,0,0,2801						//NC_HOVERING
2264,0,0,5,0,0,0,99,0,0,mado,0,0,6146,1,0,0,0,0,0,0,0,0,0,0,0,0,0,0,0,0,0,0,0							//NC_F_SIDESLIDE
2265,0,0,5,0,0,0,99,0,0,mado,0,0,6146,1,0,0,0,0,0,0,0,0,0,0,0,0,0,0,0,0,0,0,0							//NC_B_SIDESLIDE

2267,0,0,200,0,0,0,99,0,0,mado,0,0,6146,3,0,0,0,0,0,0,0,0,0,0,0,0,0,0,0,0,0,0,2802						//NC_SELFDESTRUCTION
2268,0,0,100,0,0,0,99,0,0,mado,0,0,6360,3,6363,3,6362,3,6361,3,0,0,0,0,0,0,0,0,0,0,6146,2,2803			//NC_SHAPESHIFT
2269,0,0,20,0,0,0,99,0,0,mado,0,0,6146,1,0,0,0,0,0,0,0,0,0,0,0,0,0,0,0,0,0,0,2804:2809:2810				//NC_EMERGENCYCOOL
2270,0,0,45,0,0,0,99,0,0,mado,0,0,0,0,0,0,0,0,0,0,0,0,0,0,0,0,0,0,0,0,0,0,0								//NC_INFRAREDSCAN
2271,0,0,30,0,0,0,99,0,0,mado,0,0,6146,1,0,0,0,0,0,0,0,0,0,0,0,0,0,0,0,0,0,0,0							//NC_ANALYZE
2272,0,0,60:70:80,0,0,0,99,0,0,mado,0,0,6146,2,0,0,0,0,0,0,0,0,0,0,0,0,0,0,0,0,0,0,2805					//NC_MAGNETICFIELD
2273,0,0,80:90:100,0,0,0,99,0,0,mado,0,0,6146,1,0,0,0,0,0,0,0,0,0,0,0,0,0,0,0,0,0,0,2806				//NC_NEUTRALBARRIER
2274,0,0,80:100:120,0,0,0,99,0,0,mado,0,0,6146,2,0,0,0,0,0,0,0,0,0,0,0,0,0,0,0,0,0,0,2808				//NC_STEALTHFIELD
2275,0,0,25:30:35:40:45,0,0,0,99,0,0,mado,0,0,12392,1,12392,1,12393,1,12393,1,12394,1,0,0,0,0,0,0,0,0,2807,0,0			//NC_REPAIR

2278,0,0,20:22:24:26:28,0,0,0,6:7,0,0,none,0,0,0,0,0,0,0,0,0,0,0,0,0,0,0,0,0,0,0,0,0,0,0				//NC_AXEBOOMERANG
2279,0,0,20:22:24:26:28,0,0,0,99,0,0,none,0,0,0,0,0,0,0,0,0,0,0,0,0,0,0,0,0,0,0,0,0,0,0					//NC_POWERSWING
2280,20:40:60:80:100,0,18:20:22:24:26,0,0,0,6:7,0,0,none,0,0,0,0,0,0,0,0,0,0,0,0,0,0,0,0,0,0,0,0,0,0,0	//NC_AXETORNADO
2281,0,0,25:30:35:40:45,0,0,0,99,0,0,none,0,0,612,0,615,0,998,1,999,2,0,0,0,0,0,0,0,0,0,0,0,0,0			//NC_SILVERSNIPER
2282,0,0,40:45:50:55:60,0,0,0,99,0,0,none,0,0,612,0,615,0,998,2,7054,1,0,0,0,0,0,0,0,0,0,0,0,0,0		//NC_MAGICDECOY
2283,0,0,15,0,0,0,99,0,0,none,0,0,6186,1,0,0,0,0,0,0,0,0,0,0,0,0,0,0,0,0,0,0,0							//NC_DISJOINT

//****
// SC Shadow Chaser
2284,0,0,40:45:50:55:60,0,0,0,99,0,0,none,0,0,0,0,0,0,0,0,0,0,0,0,0,0,0,0,0,0,0,0,0,0,0					//SC_FATALMENACE
2285,0,0,40:45:50:55:60:65:70:75:80:85,0,0,0,99,0,0,none,0,0,0,0,0,0,0,0,0,0,0,0,0,0,0,0,0,0,0,0,0,0,0	//SC_REPRODUCE
2286,0,0,40:45:50:55:60:65:70:75:80:85,0,0,0,99,0,0,none,0,0,0,0,0,0,0,0,0,0,0,0,0,0,0,0,0,0,0,0,0,0,0	//SC_AUTOSHADOWSPELL
2287,0,0,40:50:60:70:80,0,0,0,99,0,0,none,0,0,0,0,0,0,0,0,0,0,0,0,0,0,0,0,0,0,0,0,0,0,0					//SC_SHADOWFORM
2288,0,0,22:24:26:28:30:32:34:36:38:40,0,0,0,11,1,3,none,0,0,0,0,0,0,0,0,0,0,0,0,0,0,0,0,0,0,0,0,0,0,0	//SC_TRIANGLESHOT
2289,0,0,10:15:20:25:30,0,0,0,99,0,0,none,0,0,6122,0,6123,1,0,0,0,0,0,0,0,0,0,0,0,0,0,0,0,0,0			//SC_BODYPAINT
2290,0,0,100,0,0,0,99,0,0,none,0,0,0,0,0,0,0,0,0,0,0,0,0,0,0,0,0,0,0,0,0,0,0							//SC_INVISIBILITY
2291,0,0,40:44:48:52:56,0,0,0,99,0,0,none,0,0,0,0,0,0,0,0,0,0,0,0,0,0,0,0,0,0,0,0,0,0,0					//SC_DEADLYINFECT
2292,0,0,30:40:50,0,0,0,99,0,0,none,0,0,6120,1,6121,0,0,0,0,0,0,0,0,0,0,0,0,0,0,0,0,0,0					//SC_ENERVATION
2293,0,0,30:40:50,0,0,0,99,0,0,none,0,0,6120,1,6121,0,0,0,0,0,0,0,0,0,0,0,0,0,0,0,0,0,0					//SC_GROOMY
2294,0,0,30:40:50,0,0,0,99,0,0,none,0,0,6120,1,6121,0,0,0,0,0,0,0,0,0,0,0,0,0,0,0,0,0,0					//SC_IGNORANCE
2295,0,0,30:40:50,0,0,0,99,0,0,none,0,0,6120,1,6121,0,0,0,0,0,0,0,0,0,0,0,0,0,0,0,0,0,0					//SC_LAZINESS
2296,0,0,30:40:50,0,0,0,99,0,0,none,0,0,6120,1,6121,0,0,0,0,0,0,0,0,0,0,0,0,0,0,0,0,0,0					//SC_UNLUCKY
2297,0,0,30:40:50,0,0,0,99,0,0,none,0,0,6120,1,6121,0,0,0,0,0,0,0,0,0,0,0,0,0,0,0,0,0,0					//SC_WEAKNESS
2298,0,0,15:18:21:24:27,0,0,0,99,0,0,none,0,0,0,0,0,0,0,0,0,0,0,0,0,0,0,0,0,0,0,0,0,0,0					//SC_STRIPACCESSARY
2299,0,0,20:25:30,0,0,0,99,0,0,none,0,0,6122,0,6123,1,0,0,0,0,0,0,0,0,0,0,0,0,0,0,0,0,0					//SC_MANHOLE
2300,0,0,30:36:42,0,0,0,99,0,0,none,0,0,6122,0,6123,1,0,0,0,0,0,0,0,0,0,0,0,0,0,0,0,0,0					//SC_DIMENSIONDOOR
2301,0,0,30:36:42,0,0,0,99,0,0,none,0,0,6122,0,6123,2,0,0,0,0,0,0,0,0,0,0,0,0,0,0,0,0,0					//SC_CHAOSPANIC
2302,0,0,50:55:60,0,0,0,99,0,0,none,0,0,6122,0,6123,2,0,0,0,0,0,0,0,0,0,0,0,0,0,0,0,0,0					//SC_MAELSTROM
2303,0,0,60:70:80,0,0,0,99,0,0,none,0,0,6122,0,6123,2,0,0,0,0,0,0,0,0,0,0,0,0,0,0,0,0,0					//SC_BLOODYLUST
2304,0,0,24:28:32,0,0,0,99,0,0,none,0,0,6122,0,6123,1,0,0,0,0,0,0,0,0,0,0,0,0,0,0,0,0,0					//SC_FEINTBOMB

//****
// LG Royal Guard
2307,0,0,12:16:20:24:28,0,0,0,4:5,0,0,none,0,0,0,0,0,0,0,0,0,0,0,0,0,0,0,0,0,0,0,0,0,0,0				//LG_CANNONSPEAR
2308,0,0,20:20:20:20:20:25:25:25:25:25,0,0,0,4:5,0,0,none,0,0,0,0,0,0,0,0,0,0,0,0,0,0,0,0,0,0,0,0,0,0,0	//LG_BANISHINGPOINT
2309,0,0,30:45:60,0,0,0,99,0,0,none,0,0,0,0,0,0,0,0,0,0,0,0,0,0,0,0,0,0,0,0,0,0,0						//LG_TRAMPLE
2310,0,0,10:12:14:16:18,0,0,0,99,0,0,shield,0,0,0,0,0,0,0,0,0,0,0,0,0,0,0,0,0,0,0,0,0,0,0				//LG_SHIELDPRESS
2311,0,0,60:80:100:120:140,0,0,0,99,0,0,shield,0,0,0,0,0,0,0,0,0,0,0,0,0,0,0,0,0,0,0,0,0,0,0			//LG_REFLECTDAMAGE
2312,0,0,50,0,0,0,4:5,0,0,none,0,0,0,0,0,0,0,0,0,0,0,0,0,0,0,0,0,0,0,0,0,0,0							//LG_PINPOINTATTACK
2313,0,0,30,0,0,0,99,0,0,none,0,0,0,0,0,0,0,0,0,0,0,0,0,0,0,0,0,0,0,0,0,0,0								//LG_FORCEOFVANGUARD
2314,0,0,150,0,0,0,99,0,0,none,0,0,0,0,0,0,0,0,0,0,0,0,0,0,0,0,0,0,0,0,0,0,0							//LG_RAGEBURST
2315,0,0,50,0,0,0,99,0,0,shield,0,0,0,0,0,0,0,0,0,0,0,0,0,0,0,0,0,0,0,0,0,0,0							//LG_SHIELDSPELL
2316,0,0,20:32:44:56:68,0,0,0,99,0,0,none,0,0,0,0,0,0,0,0,0,0,0,0,0,0,0,0,0,0,0,0,0,0,0					//LG_EXEEDBREAK
2317,0,0,20:30:40:50:60,0,0,0,4:5,0,0,none,0,0,0,0,0,0,0,0,0,0,0,0,0,0,0,0,0,0,0,0,0,0,0				//LG_OVERBRAND
2318,0,0,75:80:85:90:95,0,0,0,99,0,0,none,0,0,0,0,0,0,0,0,0,0,0,0,0,0,0,0,0,0,0,0,0,0,0					//LG_PRESTIGE
2319,0,0,30:36:42:48:54,0,0,0,99,0,0,none,0,0,0,0,0,0,0,0,0,0,0,0,0,0,0,0,0,0,0,0,0,0,0					//LG_BANDING
2320,0,0,20:24:28:32:36,0,0,0,4:5,0,0,none,0,0,0,0,0,0,0,0,0,0,0,0,0,0,0,0,0,0,0,0,0,0,0				//LG_MOONSLASHER
2321,0,0,60:65:70:75:80,0,0,0,99,0,0,none,0,0,0,0,0,0,0,0,0,0,0,0,0,0,0,0,0,0,0,0,0,0,0					//LG_RAYOFGENESIS
2322,0,0,40:45:50:55:60,0,0,0,99,0,0,none,0,0,523,2,0,0,0,0,0,0,0,0,0,0,0,0,0,0,0,0,0,0,0				//LG_PIETY
2323,0,0,52:60:68:76:84,0,0,0,99,0,0,shield,0,0,0,0,0,0,0,0,0,0,0,0,0,0,0,0,0,0,0,0,0,0,0				//LG_EARTHDRIVE
2324,0,0,80:90:100:110:120,0,0,0,4:5,0,0,none,0,0,0,0,0,0,0,0,0,0,0,0,0,0,0,0,0,0,0,0,0,0,0				//LG_HESPERUSLIT
2325,0,0,80:90:100:110:120,0,0,0,99,0,0,none,0,0,0,0,0,0,0,0,0,0,0,0,0,0,0,0,0,0,0,0,0,0,0				//LG_INSPIRATION

//****
// SR Sura
2326,0,0,3:4:5:6:7:8:9:10:11:12,0,0,0,99,0,0,none,0,0,0,0,0,0,0,0,0,0,0,0,0,0,0,0,0,0,0,0,0,0,0			//SR_DRAGONCOMBO
2327,0,0,8:9:10:11:12,0,0,0,99,0,0,none,0,0,0,0,0,0,0,0,0,0,0,0,0,0,0,0,0,0,0,0,0,0,0					//SR_SKYNETBLOW
2328,0,0,36:40:44:48:52,0,0,0,99,0,0,none,0,1,0,0,0,0,0,0,0,0,0,0,0,0,0,0,0,0,0,0,0,0,0					//SR_EARTHSHAKER
2329,0,0,20:30:40:50:60,0,0,0,99,0,0,none,0,2,0,0,0,0,0,0,0,0,0,0,0,0,0,0,0,0,0,0,0,0,0					//SR_FALLENEMPIRE
2330,0,0,1:2:3:4:5:6:7:8:9:10,-12:-14:-16:-18:-20:-22:-24:-26:-28:-30,-6:-7:-8:-9:-10:-11:-12:-13:-14:-15,0,99,0,0,none,SC_EXPLOSIONSPIRITS,2,0,0,0,0,0,0,0,0,0,0,0,0,0,0,0,0,0,0,0,0,0	//SR_TIGERCANNON
2331,0,0,1,0,-11:-12:-13:-14:-15:-16:-17:-18:-19:-20,0,99,0,0,none,0,5,0,0,0,0,0,0,0,0,0,0,0,0,0,0,0,0,0,0,0,0,0	//SR_HELLGATE
2332,0,0,150,0,0,0,99,0,0,none,0,0,0,0,0,0,0,0,0,0,0,0,0,0,0,0,0,0,0,0,0,0,0							//SR_RAMPAGEBLASTER
2333,0,0,80,0,0,0,99,0,0,none,0,2,0,0,0,0,0,0,0,0,0,0,0,0,0,0,0,0,0,0,0,0,0								//SR_CRESCENTELBOW
2334,0,0,40:60:80:100:120,-1:-2:-3:-4:-5,0,0,99,0,0,none,0,0,0,0,0,0,0,0,0,0,0,0,0,0,0,0,0,0,0,0,0,0,0	//SR_CURSEDCIRCLE
2335,0,0,80:70:60:50:40,-5:-4:-3:-2:-1,0,0,99,0,0,none,0,0,0,0,0,0,0,0,0,0,0,0,0,0,0,0,0,0,0,0,0,0,0		//SR_LIGHTNINGWALK
2336,0,0,10:15:20:25:30,0,0,0,99,0,0,none,0,1,0,0,0,0,0,0,0,0,0,0,0,0,0,0,0,0,0,0,0,0,0					//SR_KNUCKLEARROW
2337,0,0,45,0,0,0,99,0,0,none,0,0,0,0,0,0,0,0,0,0,0,0,0,0,0,0,0,0,0,0,0,0,0								//SR_WINDMILL
2338,0,0,120,0,0,0,99,0,0,none,0,0,0,0,0,0,0,0,0,0,0,0,0,0,0,0,0,0,0,0,0,0,0							//SR_RAISINGDRAGON
2339,0,0,1,0,0,0,99,0,0,none,0,0,0,0,0,0,0,0,0,0,0,0,0,0,0,0,0,0,0,0,0,0,0								//SR_GENTLETOUCH
2340,0,0,10,0,0,0,99,0,0,none,0,0,0,0,0,0,0,0,0,0,0,0,0,0,0,0,0,0,0,0,0,0,0								//SR_ASSIMILATEPOWER
2341,0,0,50,0,0,0,99,0,0,none,0,5,0,0,0,0,0,0,0,0,0,0,0,0,0,0,0,0,0,0,0,0,0								//SR_POWERVELOCITY
2342,0,0,1,0,0,0,99,0,0,none,0,0,0,0,0,0,0,0,0,0,0,0,0,0,0,0,0,0,0,0,0,0,0								//SR_CRESCENTELBOW_AUTOSPELL
2343,0,0,30,0,-11:-12:-13:-14:-15:-16:-17:-18:-19:-20,0,99,0,0,none,0,5,0,0,0,0,0,0,0,0,0,0,0,0,0,0,0,0,0,0,0,0,0	//SR_GATEOFHELL
2344,0,0,20:25:30:35:40,0,0,0,99,0,0,none,0,0,0,0,0,0,0,0,0,0,0,0,0,0,0,0,0,0,0,0,0,0,0					//SR_GENTLETOUCH_QUIET
2345,0,0,40:50:60:70:80,0,0,0,99,0,0,none,0,1,0,0,0,0,0,0,0,0,0,0,0,0,0,0,0,0,0,0,0,0,0					//SR_GENTLETOUCH_CURE
2346,0,0,40:50:60:70:80,-1:-2:-3:-4:-5,0,0,99,0,0,none,0,0,0,0,0,0,0,0,0,0,0,0,0,0,0,0,0,0,0,0,0,0,0	//SR_GENTLETOUCH_ENERGYGAIN
2347,0,0,40:50:60:70:80,-2:-4:-6:-8:-10,0,0,99,0,0,none,0,1:2:3:4:5,0,0,0,0,0,0,0,0,0,0,0,0,0,0,0,0,0,0,0,0,0	//SR_GENTLETOUCH_CHANGE
2348,0,0,40:50:60:70:80,0,0,0,99,0,0,none,0,1:2:3:4:5,0,0,0,0,0,0,0,0,0,0,0,0,0,0,0,0,0,0,0,0,0			//SR_GENTLETOUCH_REVITALIZE
//More from SR Sura (but not following ID order)
2517,0,0,80:90:100:110:120,0,0,0,99,0,0,none,0,1:2:3:4:5,0,0,0,0,0,0,0,0,0,0,0,0,0,0,0,0,0,0,0,0,0		//SR_HOWLINGOFLION
2518,0,0,40:50:60:70:80,0,0,0,99,0,0,none,0,1:2:3:4:5,0,0,0,0,0,0,0,0,0,0,0,0,0,0,0,0,0,0,0,0,0			//SR_RIDEINLIGHTNING

//****
// WA Wanderer
2350,0,0,96:112:128:144:160,0,0,0,13:14,0,0,none,0,0,0,0,0,0,0,0,0,0,0,0,0,0,0,0,0,0,0,0,0,0,0			//WA_SWING_DANCE
2351,0,0,60:69:78:87:96,0,0,0,13:14,0,0,none,0,0,0,0,0,0,0,0,0,0,0,0,0,0,0,0,0,0,0,0,0,0,0				//WA_SYMPHONY_OF_LOVER
2352,0,0,84:96:108:120:134,0,0,0,13:14,0,0,none,0,0,0,0,0,0,0,0,0,0,0,0,0,0,0,0,0,0,0,0,0,0,0			//WA_MOONLIT_SERENADE

//****
// MI Minstrel
2381,0,0,82:88:94:100:106,0,0,0,13:14,0,0,none,0,0,0,0,0,0,0,0,0,0,0,0,0,0,0,0,0,0,0,0,0,0,0			//MI_RUSH_WINDMILL
2382,0,0,86:92:98:104:110,0,0,0,13:14,0,0,none,0,0,0,0,0,0,0,0,0,0,0,0,0,0,0,0,0,0,0,0,0,0,0			//MI_ECHOSONG
2383,0,0,70:75:80:85:90,0,0,0,13:14,0,0,none,0,0,0,0,0,0,0,0,0,0,0,0,0,0,0,0,0,0,0,0,0,0,0				//MI_HARMONIZE

//****
// WM Wanderer/Minstrel
2413,0,0,64:68:72:76:80,0,0,0,99,0,0,none,0,0,0,0,0,0,0,0,0,0,0,0,0,0,0,0,0,0,0,0,0,0,0					//WM_METALICSOUND
2414,0,0,28:32:38:42:48,0,0,0,99,0,0,none,0,0,0,0,0,0,0,0,0,0,0,0,0,0,0,0,0,0,0,0,0,0,0					//WM_REVERBERATION
2415,0,0,1,0,0,0,99,0,0,none,0,0,0,0,0,0,0,0,0,0,0,0,0,0,0,0,0,0,0,0,0,0,0								//WM_REVERBERATION_MELEE
2416,0,0,1,0,0,0,99,0,0,none,0,0,0,0,0,0,0,0,0,0,0,0,0,0,0,0,0,0,0,0,0,0,0								//WM_REVERBERATION_MAGIC
2417,0,0,10,0,0,0,99,0,0,none,0,0,0,0,0,0,0,0,0,0,0,0,0,0,0,0,0,0,0,0,0,0,0								//WM_DOMINION_IMPULSE
2418,0,0,80:90:100:110:120,0,0,0,11,1,20,none,0,0,0,0,0,0,0,0,0,0,0,0,0,0,0,0,0,0,0,0,0,0,0				//WM_SEVERE_RAINSTORM
2419,0,0,12:16:20:24:28,0,0,0,13:14,0,0,none,0,0,11513,1,0,0,0,0,0,0,0,0,0,0,0,0,0,0,0,0,0,0,0			//WM_POEMOFNETHERWORLD
2420,0,0,48:56:64:72:80,0,0,0,13:14,0,0,none,0,0,0,0,0,0,0,0,0,0,0,0,0,0,0,0,0,0,0,0,0,0,0				//WM_VOICEOFSIREN
2421,0,0,50:53:56:59:62,0,0,0,13:14,0,0,none,0,0,6144,1,0,0,0,0,0,0,0,0,0,0,0,0,0,0,0,0,0,0,0			//WM_DEADHILLHERE
2422,0,0,80:90:100:110:120,0,0,0,13:14,0,0,none,0,0,0,0,0,0,0,0,0,0,0,0,0,0,0,0,0,0,0,0,0,0,0			//WM_LULLABY_DEEPSLEEP
2423,0,0,42:46:50:54:58,0,0,0,13:14,0,0,none,0,0,0,0,0,0,0,0,0,0,0,0,0,0,0,0,0,0,0,0,0,0,0				//WM_SIRCLEOFNATURE
2424,0,0,40:45:50:55:60,0,0,0,13:14,0,0,none,0,0,0,0,0,0,0,0,0,0,0,0,0,0,0,0,0,0,0,0,0,0,0				//WM_RANDOMIZESPELL
2425,0,0,60:75:90:105:120,0,0,0,13:14,0,0,none,0,0,0,0,0,0,0,0,0,0,0,0,0,0,0,0,0,0,0,0,0,0,0			//MW_GLOOMYDAY
2426,0,0,80:90:100:110:120,0,0,0,99,0,0,none,0,0,11513,1,0,0,0,0,0,0,0,0,0,0,0,0,0,0,0,0,0,0,0			//WM_GREAT_ECHO
2427,0,0,120:140:160:180:200,0,0,0,13:14,0,0,none,0,0,0,0,0,0,0,0,0,0,0,0,0,0,0,0,0,0,0,0,0,0,0			//WM_SONG_OF_MANA
2428,0,0,120:140:160:180:200,0,0,0,13:14,0,0,none,0,0,0,0,0,0,0,0,0,0,0,0,0,0,0,0,0,0,0,0,0,0,0			//WM_DANCE_WITH_WUG
2429,0,0,50:60:70:80:90,0,0,0,13:14,0,0,none,0,0,0,0,0,0,0,0,0,0,0,0,0,0,0,0,0,0,0,0,0,0,0				//WM_SOUND_OF_DESTRUCTION
2430,0,0,150:160:170:180:190,0,0,0,13:14,0,0,none,0,0,0,0,0,0,0,0,0,0,0,0,0,0,0,0,0,0,0,0,0,0,0			//WM_SATURDAY_NIGHT_FEVER
2431,0,0,120:130:140:150:160,0,0,0,13:14,0,0,none,0,0,0,0,0,0,0,0,0,0,0,0,0,0,0,0,0,0,0,0,0,0,0			//WM_LERADS_DEW
2432,0,0,120:130:140:150:160,0,0,0,13:14,0,0,none,0,0,0,0,0,0,0,0,0,0,0,0,0,0,0,0,0,0,0,0,0,0,0			//WM_MELODYOFSINK
2433,0,0,120:130:140:150:160,0,0,0,13:14,0,0,none,0,0,0,0,0,0,0,0,0,0,0,0,0,0,0,0,0,0,0,0,0,0,0			//WM_WARCRY_OF_BEYOND
2434,0,0,120:130:140:150:160,0,0,0,13:14,0,0,none,0,0,0,0,0,0,0,0,0,0,0,0,0,0,0,0,0,0,0,0,0,0,0			//WM_UNLIMITED_HUMMING_VOICE

//****
// SO Sorcerer
2443,0,0,30:34:38:42:46,0,0,0,99,0,0,none,0,0,0,0,0,0,0,0,0,0,0,0,0,0,0,0,0,0,0,0,0,0,0					//SO_FIREWALK
2444,0,0,30:34:38:42:46,0,0,0,99,0,0,none,0,0,0,0,0,0,0,0,0,0,0,0,0,0,0,0,0,0,0,0,0,0,0					//SO_ELECTRICWALK
2445,0,0,40:44:48:52:56,0,0,0,99,0,0,none,0,0,0,0,0,0,0,0,0,0,0,0,0,0,0,0,0,0,0,0,0,0,0					//SO_SPELLFIST
2446,0,0,62:70:78:86:94,0,0,0,99,0,0,none,0,0,0,0,0,0,0,0,0,0,0,0,0,0,0,0,0,0,0,0,0,0,0					//SO_EARTHGRAVE
2447,0,0,50:56:62:68:74,0,0,0,99,0,0,none,0,0,0,0,0,0,0,0,0,0,0,0,0,0,0,0,0,0,0,0,0,0,0					//SO_DIAMONDDUST
2448,0,0,70:90:110:130:150,0,0,0,99,0,0,none,0,0,0,0,0,0,0,0,0,0,0,0,0,0,0,0,0,0,0,0,0,0,0				//SO_POISON_BUSTER
2449,0,0,48:56:64:70:78,0,0,0,99,0,0,none,0,0,0,0,0,0,0,0,0,0,0,0,0,0,0,0,0,0,0,0,0,0,0					//SO_PSYCHIC_WAVE
2450,0,0,48:56:64:70:78,0,0,0,99,0,0,none,0,0,716,2,0,0,0,0,0,0,0,0,0,0,0,0,0,0,0,0,0,0,0				//SO_CLOUD_KILL
2451,0,0,50:55:60:65:70,0,0,0,99,0,0,none,0,0,0,0,0,0,0,0,0,0,0,0,0,0,0,0,0,0,0,0,0,0,0					//SO_STRIKING
2452,0,0,40:52:64:76:88,0,0,0,99,0,0,none,0,0,0,0,0,0,0,0,0,0,0,0,0,0,0,0,0,0,0,0,0,0,0					//SO_WARMER
2453,0,0,34:42:50:58:66,0,0,0,99,0,0,none,0,0,0,0,0,0,0,0,0,0,0,0,0,0,0,0,0,0,0,0,0,0,0					//SO_VACUUM_EXTREME
2454,0,0,55:62:69:76:83,0,0,0,99,0,0,none,0,0,0,0,0,0,0,0,0,0,0,0,0,0,0,0,0,0,0,0,0,0,0					//SO_VARETYR_SPEAR
2455,0,0,30:35:40:45:50,0,0,0,99,0,0,none,0,0,715,1,0,0,0,0,0,0,0,0,0,0,0,0,0,0,0,0,0,0,0				//SO_ARRULLO
2456,0,0,10,0,0,0,99,0,0,elementalspirit,0,0,0,0,0,0,0,0,0,0,0,0,0,0,0,0,0,0,0,0,0,0,0					//SO_EL_CONTROL
2457,0,0,100:150:200,0,0,0,99,0,0,none,0,0,990,3,990,6,994,1,0,0,0,0,0,0,0,0,0,0,0,0,0,0,0				//SO_SUMMON_AGNI
2458,0,0,100:150:200,0,0,0,99,0,0,none,0,0,991,3,991,6,995,1,0,0,0,0,0,0,0,0,0,0,0,0,0,0,0				//SO_SUMMON_AQUA
2459,0,0,100:150:200,0,0,0,99,0,0,none,0,0,992,3,992,6,996,1,0,0,0,0,0,0,0,0,0,0,0,0,0,0,0				//SO_SUMMON_VENTUS
2460,0,0,100:150:200,0,0,0,99,0,0,none,0,0,993,3,993,6,997,1,0,0,0,0,0,0,0,0,0,0,0,0,0,0,0				//SO_SUMMON_TERA
2461,0,0,50,0,0,0,99,0,0,elementalspirit,0,0,0,0,0,0,0,0,0,0,0,0,0,0,0,0,0,0,0,0,0,0,0					//SO_EL_ACTION
2462,0,0,10:20,0,0,0,99,0,0,none,0,0,0,0,0,0,0,0,0,0,0,0,0,0,0,0,0,0,0,0,0,0,0							//SO_EL_ANALYSIS
2464,0,0,10,0,0,0,99,0,0,elementalspirit,0,0,0,0,0,0,0,0,0,0,0,0,0,0,0,0,0,0,0,0,0,0,0					//SO_EL_CURE
2465,0,0,22:30:38,0,0,0,99,0,0,none,0,0,6360,1,6360,2,6360,3,0,0,0,0,0,0,0,0,0,0,0,0,0,0,0				//SO_FIRE_INSIGNIA
2466,0,0,22:30:38,0,0,0,99,0,0,none,0,0,6361,1,6361,2,6361,3,0,0,0,0,0,0,0,0,0,0,0,0,0,0,0				//SO_WATER_INSIGNIA
2467,0,0,22:30:38,0,0,0,99,0,0,none,0,0,6362,1,6362,2,6362,3,0,0,0,0,0,0,0,0,0,0,0,0,0,0,0				//SO_WIND_INSIGNIA
2468,0,0,22:30:38,0,0,0,99,0,0,none,0,0,6363,1,6363,2,6363,3,0,0,0,0,0,0,0,0,0,0,0,0,0,0,0				//SO_EARTH_INSIGNIA

//****
// GN Genetic
2476,0,0,30,0,0,0,99,0,0,cart,0,0,0,0,0,0,0,0,0,0,0,0,0,0,0,0,0,0,0,0,0,0,0								//GN_CART_TORNADO
2477,0,0,40:42:46:48:50,0,0,0,99,8,1,cart,0,0,0,0,0,0,0,0,0,0,0,0,0,0,0,0,0,0,0,0,0,0,0					//GN_CARTCANNON
2478,0,0,20:24:28:32:36,0,0,0,99,0,0,cart,0,0,0,0,0,0,0,0,0,0,0,0,0,0,0,0,0,0,0,0,0,0,0					//GN_CARTBOOST
2479,0,0,22:26:30:34:38,0,0,0,99,0,0,none,0,0,6210,1,0,0,0,0,0,0,0,0,0,0,0,0,0,0,0,0,0,0,0				//GN_THORNS_TRAP
2480,0,0,30:35:40:45:50,0,0,0,99,0,0,none,0,0,6211,1,0,0,0,0,0,0,0,0,0,0,0,0,0,0,0,0,0,0,0				//GN_BLOOD_SUCKER
2481,0,0,55:60:65:70:75,0,0,0,99,0,0,none,0,0,6212,1,0,0,0,0,0,0,0,0,0,0,0,0,0,0,0,0,0,0,0				//GN_SPORE_EXPLOSION
2482,0,0,40:50:60:70:80,0,0,0,99,0,0,none,0,0,6210,1,0,0,0,0,0,0,0,0,0,0,0,0,0,0,0,0,0,0,0				//GN_WALLOFTHORN
2483,0,0,24:28:32:36:40:44:48:52:56:60,0,0,0,99,0,0,none,0,0,6210,1,0,0,0,0,0,0,0,0,0,0,0,0,0,0,0,0,0,0,0	//GN_CRAZYWEED
2484,0,0,1,0,0,0,99,0,0,none,0,0,0,0,0,0,0,0,0,0,0,0,0,0,0,0,0,0,0,0,0,0,0								//GN_CRAZYWEED_ATK
2485,0,0,24:28:32:36:40,0,0,0,99,0,0,none,0,0,7135,1,0,0,0,0,0,0,0,0,0,0,0,0,0,0,0,0,0,0,0				//GN_DEMONIC_FIRE
2486,0,0,30:35:40:45:50,0,0,0,99,0,0,none,0,0,6216,1,6213,1,6214,1,6215,1,7136,1,0,0,0,0,0,0,0,0,0,0,0	//GN_FIRE_EXPANSION
2487,0,0,1,0,0,0,99,0,0,none,0,0,0,0,0,0,0,0,0,0,0,0,0,0,0,0,0,0,0,0,0,0,0								//GN_FIRE_EXPANSION_SMOKE_POWDER
2488,0,0,1,0,0,0,99,0,0,none,0,0,0,0,0,0,0,0,0,0,0,0,0,0,0,0,0,0,0,0,0,0,0								//GN_FIRE_EXPANSION_TEAR_GAS
2489,0,0,1,0,0,0,99,0,0,none,0,0,0,0,0,0,0,0,0,0,0,0,0,0,0,0,0,0,0,0,0,0,0								//GN_FIRE_EXPANSION_ACID
2490,0,0,40:45:50:55:60,0,0,0,99,0,0,none,0,0,7137,1,0,0,0,0,0,0,0,0,0,0,0,0,0,0,0,0,0,0,0				//GN_HELLS_PLANT
2491,0,0,1,0,0,0,99,0,0,none,0,0,0,0,0,0,0,0,0,0,0,0,0,0,0,0,0,0,0,0,0,0,0								//GN_HELLS_PLANT_ATK
2492,0,0,40:45:50:55:60,0,0,0,99,0,0,none,0,0,6217,1,0,0,0,0,0,0,0,0,0,0,0,0,0,0,0,0,0,0,0				//GN_MANDRAGORA
2493,0,0,4,0,0,0,99,9,1,none,0,0,0,0,0,0,0,0,0,0,0,0,0,0,0,0,0,0,0,0,0,0,0								//GN_SLINGITEM
2494,0,0,5,0,0,0,99,0,0,none,0,0,0,0,0,0,0,0,0,0,0,0,0,0,0,0,0,0,0,0,0,0,0								//GN_CHANGEMATERIAL
2495,0,0,5:40,0,0,0,99,0,0,none,0,0,0,0,0,0,0,0,0,0,0,0,0,0,0,0,0,0,0,0,0,0,0							//GN_MIX_COOKING
2496,0,0,5:40,0,0,0,99,0,0,none,0,0,0,0,0,0,0,0,0,0,0,0,0,0,0,0,0,0,0,0,0,0,0							//GN_MAKEBOMB
2497,0,0,12,0,0,0,99,0,0,none,0,0,0,0,0,0,0,0,0,0,0,0,0,0,0,0,0,0,0,0,0,0,0								//GN_S_PHARMACY
2498,0,0,1,0,0,0,99,0,0,none,0,0,0,0,0,0,0,0,0,0,0,0,0,0,0,0,0,0,0,0,0,0,0								//GN_SLINGITEM_RANGEMELEEATK

2533,0,0,1,0,0,0,99,0,0,none,0,0,0,0,0,0,0,0,0,0,0,0,0,0,0,0,0,0,0,0,0,0,0								//ALL_ODINS_RECALL
2534,0,0,1,0,0,0,99,0,0,none,0,0,0,0,0,0,0,0,0,0,0,0,0,0,0,0,0,0,0,0,0,0,0								//RETURN_TO_ELDICASTES
2535,0,0,1,0,0,0,99,0,0,none,0,0,6377,1,0,0,0,0,0,0,0,0,0,0,0,0,0,0,0,0,0,0,0							//ALL_BUYING_STORE
2536,0,0,1,0,0,0,99,0,0,none,0,0,0,0,0,0,0,0,0,0,0,0,0,0,0,0,0,0,0,0,0,0,0								//ALL_GUARDIAN_RECALL
2537,0,0,70:100,0,0,0,99,0,0,none,0,0,0,0,0,0,0,0,0,0,0,0,0,0,0,0,0,0,0,0,0,0,0							//ALL_ODINS_POWER

//2538,0,0,1,0,0,0,99,0,0,none,0,0,0,0,0,0,0,0,0,0,0,0,0,0,0,0,0,0,0,0,0,0,0							//BEER_BOTTLE_CAP

//2542,0,0,1,0,0,0,99,0,0,none,0,0,0,0,0,0,0,0,0,0,0,0,0,0,0,0,0,0,0,0,0,0,0							//ALL_TETANY
//2543,0,0,1,0,0,0,99,0,0,none,0,0,0,0,0,0,0,0,0,0,0,0,0,0,0,0,0,0,0,0,0,0,0							//ALL_RAY_OF_PROTECTION
2544,0,0,40,0,0,0,99,0,0,none,0,0,0,0,0,0,0,0,0,0,0,0,0,0,0,0,0,0,0,0,0,0,0							//MC_CARTDECORATE

//****
// Rebellion
//2551,0,0,1,0,0,0,99,0,0,none,0,0,0,0,0,0,0,0,0,0,0,0,0,0,0,0,0,0,0,0,0,0,0							//RL_GLITTERING_GREED
2552,0,0,10,0,0,100,99,0,0,none,0,0,0,0,0,0,0,0,0,0,0,0,0,0,0,0,0,0,0,0,0,0,0							//RL_RICHS_COIN
2553,0,0,40:44:48:52:56,0,0,0,18,3,1,none,0,0,0,0,0,0,0,0,0,0,0,0,0,0,0,0,0,0,0,0,0,0,0					//RL_MASS_SPIRAL
2554,0,0,55:60:65:70:75,0,0,0,20,3,1,none,0,0,0,0,0,0,0,0,0,0,0,0,0,0,0,0,0,0,0,0,0,0,0					//RL_BANISHING_BUSTER
2555,0,0,30:32:34:36:38,0,0,0,17:18:19:20:21,0,0,none,0,1,7940,1,0,0,0,0,0,0,0,0,0,0,0,0,0,0,0,0,0,0,0	//RL_B_TRAP
2556,0,0,2,0,0,0,99,0,0,none,0,1,0,0,0,0,0,0,0,0,0,0,0,0,0,0,0,0,0,0,0,0,0								//RL_FLICKER
2557,0,0,50:55:60:65:70,0,0,0,20,3,1,none,0,0,0,0,0,0,0,0,0,0,0,0,0,0,0,0,0,0,0,0,0,0,0					//RL_S_STORM
2558,0,0,45,0,0,0,17:18:19:20:21,0,0,none,0,1,0,0,0,0,0,0,0,0,0,0,0,0,0,0,0,0,0,0,0,0,0					//RL_E_CHAIN
2559,0,0,5,0,0,0,17:18:19:20:21,3:4:5,1,none,SC_QD_SHOT_READY,0,0,0,0,0,0,0,0,0,0,0,0,0,0,0,0,0,0,0,0,0,0	//RL_QD_SHOT
2560,0,0,10,0,0,0,17:18:19:20:21,0,0,none,0,1,0,0,0,0,0,0,0,0,0,0,0,0,0,0,0,0,0,0,0,0,0					//RL_C_MARKER
2561,0,0,12:14:16:18:20,0,0,0,17,3,5,none,0,0,0,0,0,0,0,0,0,0,0,0,0,0,0,0,0,0,0,0,0,0,0					//RL_FIREDANCE
2562,0,0,45:50:55:60:65,0,0,0,21,0,0,none,0,0,0,0,0,0,0,0,0,0,0,0,0,0,0,0,0,0,0,0,0,0,0					//RL_H_MINE
2563,0,0,20:24:28:32:36,0,0,0,99,3,1,none,0,-1,0,0,0,0,0,0,0,0,0,0,0,0,0,0,0,0,0,0,0,0,13201				//RL_P_ALTER
2564,0,0,10,0,0,0,17,0,0,none,0,1,0,0,0,0,0,0,0,0,0,0,0,0,0,0,0,0,0,0,0,0,0								//RL_FALLEN_ANGEL
2565,0,0,40:45:50:55:60,0,0,0,19,3,5,none,0,0,0,0,0,0,0,0,0,0,0,0,0,0,0,0,0,0,0,0,0,0,0					//RL_R_TRIP
2566,0,0,60:70:80:90:100,0,0,0,21,5,1,none,0,0,0,0,0,0,0,0,0,0,0,0,0,0,0,0,0,0,0,0,0,0,0				//RL_D_TAIL
2567,0,0,70,0,0,0,19,3,10,none,0,0,0,0,0,0,0,0,0,0,0,0,0,0,0,0,0,0,0,0,0,0,0							//RL_FIRE_RAIN
2568,0,0,30,0,0,0,99,0,0,none,0,-1,0,0,0,0,0,0,0,0,0,0,0,0,0,0,0,0,0,0,0,0,0							//RL_HEAT_BARREL
2569,0,0,80:84:88:92:96,0,0,0,18,0,0,none,0,0,0,0,0,0,0,0,0,0,0,0,0,0,0,0,0,0,0,0,0,0,0					//RL_AM_BLAST
2570,0,0,80:84:88:92:96,0,0,0,20,0,0,none,0,0,0,0,0,0,0,0,0,0,0,0,0,0,0,0,0,0,0,0,0,0,0					//RL_SLUGSHOT
2571,0,0,35:40:45:50:55,0,0,0,18,0,0,none,0,-1,0,0,0,0,0,0,0,0,0,0,0,0,0,0,0,0,0,0,0,0,0				//RL_HAMMER_OF_GOD
2572,0,0,1,0,0,0,99,0,0,none,0,0,0,0,0,0,0,0,0,0,0,0,0,0,0,0,0,0,0,0,0,0,0								//RL_R_TRIP_PLUSATK
//2573,0,0,1,0,0,0,99,0,0,none,0,0,0,0,0,0,0,0,0,0,0,0,0,0,0,0,0,0,0,0,0,0,0							//RL_B_FLICKER_ATK
//2574,0,0,1,0,0,0,99,0,0,none,0,0,0,0,0,0,0,0,0,0,0,0,0,0,0,0,0,0,0,0,0,0,0							//RL_GLITTERING_GREED_ATK

//****
// Kagerou/Oboro
3001,0,0,10,0,0,0,99,0,0,none,0,0,0,0,0,0,0,0,0,0,0,0,0,0,0,0,0,0,0,0,0,0,0								//KO_YAMIKUMO
3004,0,0,10:12:14:16:18,0,0,0,99,0,0,none,0,0,0,0,0,0,0,0,0,0,0,0,0,0,0,0,0,0,0,0,0,0,0			//KO_JYUMONJIKIRI
3005,0,0,12:16:20:24:28,0,0,0,99,0,0,none,0,0,0,0,0,0,0,0,0,0,0,0,0,0,0,0,0,0,0,0,0,0,0					//KO_SETSUDAN
3006,0,0,5:6:7:8:9,0,0,0,99,0,0,none,0,0,13294,1,0,0,0,0,0,0,0,0,0,0,0,0,0,0,0,0,0,0,0					//KO_BAKURETSU
3007,0,0,12:14:16:18:20,0,0,0,99,7,8,none,0,0,0,0,0,0,0,0,0,0,0,0,0,0,0,0,0,0,0,0,0,0,0					//KO_HAPPOKUNAI
3008,0,0,50,0,0,10000:20000:30000:40000:50000:60000:70000:80000:90000:100000,99,0,0,none,0,0,0,0,0,0,0,0,0,0,0,0,0,0,0,0,0,0,0,0,0,0,0	//KO_MUCHANAGE
3009,0,0,24:28:32:36:40,0,0,0,22,0,0,none,0,0,0,0,0,0,0,0,0,0,0,0,0,0,0,0,0,0,0,0,0,0,0					//KO_HUUMARANKA
3010,0,0,9:12:15:18:21,0,0,0,99,0,0,none,0,0,6493,3,6493,4,6493,5,6493,6,6493,7,0,0,0,0,0,0,0,0,0,0,0		//KO_MAKIBISHI
3011,0,0,100,0,0,0,99,0,0,none,0,0,0,0,0,0,0,0,0,0,0,0,0,0,0,0,0,0,0,0,0,0,0							//KO_MEIKYOUSISUI
3012,0,0,40:44:48:52:56,0,0,0,99,0,0,none,0,0,0,0,0,0,0,0,0,0,0,0,0,0,0,0,0,0,0,0,0,0,0					//KO_ZANZOU
3013,0,0,40:44:48:52:56,0,0,0,99,0,0,none,0,0,0,0,0,0,0,0,0,0,0,0,0,0,0,0,0,0,0,0,0,0,0					//KO_KYOUGAKU
3014,0,0,40:44:48:52:56,0,0,0,99,0,0,none,0,0,0,0,0,0,0,0,0,0,0,0,0,0,0,0,0,0,0,0,0,0,0					//KO_JYUSATSU
3015,0,0,20,0,0,0,99,0,0,none,0,0,6512,1,0,0,0,0,0,0,0,0,0,0,0,0,0,0,0,0,0,0,0							//KO_KAHU_ENTEN
3016,0,0,20,0,0,0,99,0,0,none,0,0,6513,1,0,0,0,0,0,0,0,0,0,0,0,0,0,0,0,0,0,0,0							//KO_HYOUHU_HUBUKI
3017,0,0,20,0,0,0,99,0,0,none,0,0,6514,1,0,0,0,0,0,0,0,0,0,0,0,0,0,0,0,0,0,0,0							//KO_KAZEHU_SEIRAN
3018,0,0,20,0,0,0,99,0,0,none,0,0,6515,1,0,0,0,0,0,0,0,0,0,0,0,0,0,0,0,0,0,0,0							//KO_DOHU_KOUKAI
3019,0,0,10,0,0,0,99,0,0,none,0,0,0,0,0,0,0,0,0,0,0,0,0,0,0,0,0,0,0,0,0,0,0								//KO_KAIHOU
3020,0,0,30,0,0,0,99,0,0,none,0,0,0,0,0,0,0,0,0,0,0,0,0,0,0,0,0,0,0,0,0,0,0								//KO_ZENKAI
3021,0,0,40:44:48:52:56,0,0,0,99,0,0,none,0,0,0,0,0,0,0,0,0,0,0,0,0,0,0,0,0,0,0,0,0,0,0					//KO_GENWAKU
3022,0,0,70:75:80:85:90,0,0,0,99,0,0,none,0,0,0,0,0,0,0,0,0,0,0,0,0,0,0,0,0,0,0,0,0,0,0					//KO_IZAYOI
3023,0,0,25:30:35:40:45,0,0,0,99,0,0,none,0,0,0,0,0,0,0,0,0,0,0,0,0,0,0,0,0,0,0,0,0,0,0					//KG_KAGEHUMI
3024,0,0,50,0,0,0,99,0,0,none,0,0,7524,1,0,0,0,0,0,0,0,0,0,0,0,0,0,0,0,0,0,0,0							//KG_KYOMU
3025,0,0,60:65:70:75:80,0,0,0,99,0,0,none,0,0,6499,1,0,0,0,0,0,0,0,0,0,0,0,0,0,0,0,0,0,0,0				//KG_KAGEMUSYA
3026,0,0,60:70:80:90:100 ,0,0,0,99,0,0,none,0,0,0,0,0,0,0,0,0,0,0,0,0,0,0,0,0,0,0,0,0,0,0				//OB_ZANGETSU
3027,0,0,55:60:65:70:75 ,0,0,0,99,0,0,none,0,0,0,0,0,0,0,0,0,0,0,0,0,0,0,0,0,0,0,0,0,0,0				//OB_OBOROGENSOU
3029,0,0,20:30:40:50:60,0,0,0,99,0,0,none,0,0,0,0,0,0,0,0,0,0,0,0,0,0,0,0,0,0,0,0,0,0,0					//OB_AKAITSUKI

// EP 14.3 Part 2 3rd Job Skills
5001,0,0,22:34:46:58:70,0,0,0,99,0,0,none,0,0,0,0,0,0,0,0,0,0,0,0,0,0,0,0,0,0,0,0,0,0,0					//GC_DARKCROW
5002,0,0,100:120:140:160:180,0,0,0,99,0,0,none,0,0,0,0,0,0,0,0,0,0,0,0,0,0,0,0,0,0,0,0,0,0,0			//RA_UNLIMIT
5003,0,0,60:70:80:90:100,0,0,0,99,0,0,none,0,0,970,1,0,0,0,0,0,0,0,0,0,0,0,0,0,0,0,0,0,0,0				//GN_ILLUSIONDOPING
5004,0,0,30:35:40:45:50:55:60:65:70:75,0,0,0,99,0,0,dragon,0,0,0,0,0,0,0,0,0,0,0,0,0,0,0,0,0,0,0,0,0,0,0	//RK_DRAGONBREATH_WATER
5005,0,0,1,0,0,0,99,0,0,none,0,0,0,0,0,0,0,0,0,0,0,0,0,0,0,0,0,0,0,0,0,0,0								//RK_LUXANIMA
5006,0,0,60:70:80:90:100,0,0,0,99,0,0,none,0,0,0,0,0,0,0,0,0,0,0,0,0,0,0,0,0,0,0,0,0,0,0				//NC_MAGMA_ERUPTION
5007,0,0,200:230:260:290:320,0,0,0,13:14,0,0,none,0,0,6144,1,0,0,0,0,0,0,0,0,0,0,0,0,0,0,0,0,0,0,0		//WM_FRIGG_SONG
5008,0,0,120,0,0,0,99,0,0,elementalspirit2,0,0,717,1,0,0,0,0,0,0,0,0,0,0,0,0,0,0,0,0,0,0,0					//SO_ELEMENTAL_SHIELD
5009,0,0,65,0,0,0,99,0,0,none,0,5:5:4:4:3,0,0,0,0,0,0,0,0,0,0,0,0,0,0,0,0,0,0,0,0,0						//SR_FLASHCOMBO
5010,0,0,30:26:22:18:14,0,0,0,99,0,0,none,0,0,7940,1,0,0,0,0,0,0,0,0,0,0,0,0,0,0,0,0,0,0,0				//SC_ESCAPE
5011,0,0,30:60:90:120:150,0,0,0,99,0,0,none,0,0,0,0,0,0,0,0,0,0,0,0,0,0,0,0,0,0,0,0,0,0,0				//AB_OFFERTORIUM
5012,0,0,100:150:200:250:300,0,0,0,99,0,0,none,0,0,0,0,0,0,0,0,0,0,0,0,0,0,0,0,0,0,0,0,0,0,0			//WL_TELEKINESIS_INTENSE
5013,0,0,200:180:160:140:120,0,0,0,99,0,0,none,0,0,0,0,0,0,0,0,0,0,0,0,0,0,0,0,0,0,0,0,0,0,0			//LG_KINGS_GRACE
5014,0,0,1,0,0,0,99,0,0,none,0,0,0,0,0,0,0,0,0,0,0,0,0,0,0,0,0,0,0,0,0,0,0								//ALL_FULL_THROTTLE

// Copied Bard / Dancer Skills
//3036,0,0,1,0,0,0,99,0,0,none,0,0,0,0,0,0,0,0,0,0,0,0,0,0,0,0,0,0,0,0,0,0,0							//BA_POEMBRAGI2
//3037,0,0,1,0,0,0,99,0,0,none,0,0,0,0,0,0,0,0,0,0,0,0,0,0,0,0,0,0,0,0,0,0,0							//DC_FORTUNEKISS2

5067,0,0,0,0,0,0,99,0,0,none,0,0,0,0,0,0,0,0,0,0,0,0,0,0,0,0,0,0,0,0,0,0,0								//ALL_EQSWITCH

8001,0,0,13:16:19:22:25,0,0,0,99,0,0,none,0,0,545,1,0,0,0,0,0,0,0,0,0,0,0,0,0,0,0,0,0,0,0				//HLIF_HEAL
8002,0,0,20:25:30:35:40,0,0,0,99,0,0,none,0,0,0,0,0,0,0,0,0,0,0,0,0,0,0,0,0,0,0,0,0,0,0					//HLIF_AVOID
8004,0,0,100,0,0,0,99,0,0,none,0,0,0,0,0,0,0,0,0,0,0,0,0,0,0,0,0,0,0,0,0,0,0							//HLIF_CHANGE
8005,0,0,10,0,0,0,99,0,0,none,0,0,0,0,0,0,0,0,0,0,0,0,0,0,0,0,0,0,0,0,0,0,0								//HAMI_CASTLE
8006,0,0,20:25:30:35:40,0,0,0,99,0,0,none,0,0,0,0,0,0,0,0,0,0,0,0,0,0,0,0,0,0,0,0,0,0,0					//HAMI_DEFENCE
8008,0,0,120,0,0,0,99,0,0,none,0,0,0,0,0,0,0,0,0,0,0,0,0,0,0,0,0,0,0,0,0,0,0							//HAMI_BLOODLUST
8009,0,0,4:8:12:16:20,0,0,0,99,0,0,none,0,0,0,0,0,0,0,0,0,0,0,0,0,0,0,0,0,0,0,0,0,0,0					//HFLI_MOON
8010,0,0,30:40:50:60:70,0,0,0,99,0,0,none,0,0,0,0,0,0,0,0,0,0,0,0,0,0,0,0,0,0,0,0,0,0,0					//HFLI_FLEET
8011,0,0,30:40:50:60:70,0,0,0,99,0,0,none,0,0,0,0,0,0,0,0,0,0,0,0,0,0,0,0,0,0,0,0,0,0,0					//HFLI_SPEED
8012,0,0,1,0,0,0,99,0,0,none,0,0,0,0,0,0,0,0,0,0,0,0,0,0,0,0,0,0,0,0,0,0,0								//HFLI_SBR44
8013,0,0,22:24:26:28:30,0,0,0,99,0,0,none,0,0,0,0,0,0,0,0,0,0,0,0,0,0,0,0,0,0,0,0,0,0,0					//HVAN_CAPRICE
8014,0,0,40,0,0,0,99,0,0,none,0,0,0,0,0,0,0,0,0,0,0,0,0,0,0,0,0,0,0,0,0,0,0								//HVAN_CHAOTIC
8016,0,0,1,0,0,0,99,0,0,none,0,0,0,0,0,0,0,0,0,0,0,0,0,0,0,0,0,0,0,0,0,0,0								//HVAN_EXPLOSION
8018,0,0,60:80:100:120:140,0,0,0,99,0,0,none,0,0,0,0,0,0,0,0,0,0,0,0,0,0,0,0,0,0,0,0,0,0,0				//MH_SUMMON_LEGION
8019,0,0,42:48:54:60:66:72:78:84:90:96,0,0,0,99,0,0,none,0,0,0,0,0,0,0,0,0,0,0,0,0,0,0,0,0,0,0,0,0,0,0					//MH_NEEDLE_OF_PARALYZE
8020,0,0,65:75:85:95:105,0,0,0,99,0,0,none,0,0,0,0,0,0,0,0,0,0,0,0,0,0,0,0,0,0,0,0,0,0,0				//MH_POISON_MIST
8021,0,0,48:52:56:60:64:68:72:76:80:84,0,0,0,99,0,0,none,0,0,0,0,0,0,0,0,0,0,0,0,0,0,0,0,0,0,0,0,0,0,0					//MH_PAIN_KILLER
8022,0,0,40:50:60:70:80,0,0,0,99,0,0,none,0,0,0,0,0,0,0,0,0,0,0,0,0,0,0,0,0,0,0,0,0,0,0					//MH_LIGHT_OF_REGENE
8023,0,0,70:90:110:130:150,0,0,0,99,0,0,none,0,0,0,0,0,0,0,0,0,0,0,0,0,0,0,0,0,0,0,0,0,0,0				//MH_OVERED_BOOST
8024,0,0,25:30:35:40:45:50:55:60:65:70,0,0,0,99,0,0,none,0,0,0,0,0,0,0,0,0,0,0,0,0,0,0,0,0,0,0,0,0,0,0					//MH_ERASER_CUTTER
8025,0,0,85:90:95:100:105:110:115:120:125:130,0,0,0,99,0,0,none,0,0,0,0,0,0,0,0,0,0,0,0,0,0,0,0,0,0,0,0,0,0,0				//MH_XENO_SLASHER
8026,0,0,45:54:63:72:81,0,0,0,99,0,0,none,0,0,0,0,0,0,0,0,0,0,0,0,0,0,0,0,0,0,0,0,0,0,0					//MH_SILENT_BREEZE
8027,0,0,35,0,0,0,99,0,0,none,0,0,0,0,0,0,0,0,0,0,0,0,0,0,0,0,0,0,0,0,0,0,0								//MH_STYLE_CHANGE
8028,0,0,20:25:30:35:40,0,0,0,99,0,0,none,0,1,0,0,0,0,0,0,0,0,0,0,0,0,0,0,0,0,0,0,0,0,0					//MH_SONIC_CRAW
8029,0,0,17:19:21:23:25:27:29:31:33:35,0,0,0,99,0,0,none,0,1,0,0,0,0,0,0,0,0,0,0,0,0,0,0,0,0,0,0,0,0,0					//MH_SILVERVEIN_RUSH
8030,0,0,18:21:24:27:30:33:36:39:42:45,0,0,0,99,0,0,none,0,2,0,0,0,0,0,0,0,0,0,0,0,0,0,0,0,0,0,0,0,0,0					//MH_MIDNIGHT_FRENZY
8031,0,0,43:46:49:52:55:58:61:64:67:70,0,0,0,99,0,0,none,0,0,0,0,0,0,0,0,0,0,0,0,0,0,0,0,0,0,0,0,0,0,0					//MH_STAHL_HORN
8032,0,0,60:65:70:75:80,0,0,0,99,0,0,none,0,0,0,0,0,0,0,0,0,0,0,0,0,0,0,0,0,0,0,0,0,0,0					//MH_GOLDENE_FERSE
8033,0,0,80:90:100:110:120,0,0,0,99,0,0,none,0,0,0,0,0,0,0,0,0,0,0,0,0,0,0,0,0,0,0,0,0,0,0				//MH_STEINWAND
8034,0,0,48:54:60:66:72:78:84:90:96:102,0,0,0,99,0,0,none,0,0,0,0,0,0,0,0,0,0,0,0,0,0,0,0,0,0,0,0,0,0,0				//MH_HEILIGE_STANGE
8035,0,0,60:65:70:75:80,0,0,0,99,0,0,none,0,0,0,0,0,0,0,0,0,0,0,0,0,0,0,0,0,0,0,0,0,0,0					//MH_ANGRIFFS_MODUS
8036,0,0,20:25:30:35:40,0,0,0,99,0,0,none,0,1,0,0,0,0,0,0,0,0,0,0,0,0,0,0,0,0,0,0,0,0,0					//MH_TINDER_BREAKER
8037,0,0,10:20:30:40:50,0,0,0,99,0,0,none,0,1,0,0,0,0,0,0,0,0,0,0,0,0,0,0,0,0,0,0,0,0,0					//MH_CBC
8038,0,0,24:28:32:36:40,0,0,0,99,0,0,none,0,2,0,0,0,0,0,0,0,0,0,0,0,0,0,0,0,0,0,0,0,0,0					//MH_EQC
8039,0,0,34:38:42:46:50,0,0,0,99,0,0,none,0,0,0,0,0,0,0,0,0,0,0,0,0,0,0,0,0,0,0,0,0,0,0					//MH_MAGMA_FLOW
8040,0,0,54:58:62:66:70,0,0,0,99,0,0,none,0,0,0,0,0,0,0,0,0,0,0,0,0,0,0,0,0,0,0,0,0,0,0					//MH_GRANITIC_ARMOR
8041,0,0,40:45:50:55:60:65:70:75:80:85,0,0,0,99,0,0,none,0,0,0,0,0,0,0,0,0,0,0,0,0,0,0,0,0,0,0,0,0,0,0					//MH_LAVA_SLIDE
8042,0,0,20:28:36:44:52:56:60:64:68:72,0,0,0,99,0,0,none,0,0,0,0,0,0,0,0,0,0,0,0,0,0,0,0,0,0,0,0,0,0,0					//MH_PYROCLASTIC
8043,0,0,60:65:70:75:80,0,0,0,99,0,0,none,0,0,0,0,0,0,0,0,0,0,0,0,0,0,0,0,0,0,0,0,0,0,0					//MH_VOLCANIC_ASH

8201,0,0,8:8:8:8:8:15:15:15:15:15,0,0,0,0:1:2:3:4:5:6:7:8:9:10:12:13:14:15:16:17:18:19:20:21:22,0,0,none,0,0,0,0,0,0,0,0,0,0,0,0,0,0,0,0,0,0,0,0,0,0,0	//MS_BASH
8202,20:20:19:19:18:18:17:17:16:16,0,30,0,0,0,99,0,0,none,0,0,0,0,0,0,0,0,0,0,0,0,0,0,0,0,0,0,0,0,0,0,0	//MS_MAGNUM
8203,0,0,13:14:15:16:17:18:19:20:21:22,0,0,0,99,0,0,none,0,0,0,0,0,0,0,0,0,0,0,0,0,0,0,0,0,0,0,0,0,0,0	//MS_BOWLINGBASH
8204,0,0,50,0,0,0,99,0,0,none,0,0,0,0,0,0,0,0,0,0,0,0,0,0,0,0,0,0,0,0,0,0,0								//MS_PARRYING
8205,0,0,35:40:45:50:55:60:65:70:75:80,0,0,0,99,0,0,none,0,0,0,0,0,0,0,0,0,0,0,0,0,0,0,0,0,0,0,0,0,0,0	//MS_REFLECTSHIELD
8206,0,0,100,0,0,0,99,0,0,none,0,0,0,0,0,0,0,0,0,0,0,0,0,0,0,0,0,0,0,0,0,0,0							//MS_BERSERK
8207,0,0,12,0,0,0,99,1,1,none,0,0,0,0,0,0,0,0,0,0,0,0,0,0,0,0,0,0,0,0,0,0,0								//MA_DOUBLE
8208,0,0,15,0,0,0,99,1,1,none,0,0,0,0,0,0,0,0,0,0,0,0,0,0,0,0,0,0,0,0,0,0,0								//MA_SHOWER
8209,0,0,10,0,0,0,99,0,0,none,0,0,0,0,0,0,0,0,0,0,0,0,0,0,0,0,0,0,0,0,0,0,0								//MA_SKIDTRAP
8210,0,0,10,0,0,0,99,0,0,none,0,0,0,0,0,0,0,0,0,0,0,0,0,0,0,0,0,0,0,0,0,0,0								//MA_LANDMINE
8211,0,0,12,0,0,0,99,0,0,none,0,0,0,0,0,0,0,0,0,0,0,0,0,0,0,0,0,0,0,0,0,0,0								//MA_SANDMAN
8212,0,0,10,0,0,0,99,0,0,none,0,0,0,0,0,0,0,0,0,0,0,0,0,0,0,0,0,0,0,0,0,0,0								//MA_FREEZINGTRAP
8213,0,0,5,0,0,0,99,0,0,none,0,0,0,0,0,0,0,0,0,0,0,0,0,0,0,0,0,0,0,0,0,0,0								//MA_REMOVETRAP
8214,0,0,15,0,0,0,99,1,1,none,0,0,0,0,0,0,0,0,0,0,0,0,0,0,0,0,0,0,0,0,0,0,0								//MA_CHARGEARROW
8215,0,0,18:21:24:27:30,0,0,0,99,1,1,none,0,0,0,0,0,0,0,0,0,0,0,0,0,0,0,0,0,0,0,0,0,0,0					//MA_SHARPSHOOTING
8216,0,0,7,0,0,0,99,0,0,none,0,0,0,0,0,0,0,0,0,0,0,0,0,0,0,0,0,0,0,0,0,0,0								//ML_PIERCE
8217,0,0,12,0,0,0,99,0,0,none,0,0,0,0,0,0,0,0,0,0,0,0,0,0,0,0,0,0,0,0,0,0,0								//ML_BRANDISH
8218,0,0,18:21:24:27:30,0,0,0,99,0,0,none,0,0,0,0,0,0,0,0,0,0,0,0,0,0,0,0,0,0,0,0,0,0,0					//ML_SPIRALPIERCE
8219,0,0,30,0,0,0,99,0,0,shield,0,0,0,0,0,0,0,0,0,0,0,0,0,0,0,0,0,0,0,0,0,0,0							//ML_DEFENDER
8220,0,0,12:14:16:18:20:22:24:26:28:30,0,0,0,99,0,0,none,0,0,0,0,0,0,0,0,0,0,0,0,0,0,0,0,0,0,0,0,0,0,0	//ML_AUTOGUARD
8221,0,0,25,0,0,0,99,0,0,none,0,0,0,0,0,0,0,0,0,0,0,0,0,0,0,0,0,0,0,0,0,0,0								//ML_DEVOTION
8222,0,0,40,0,0,0,99,0,0,none,0,0,0,0,0,0,0,0,0,0,0,0,0,0,0,0,0,0,0,0,0,0,0								//MER_MAGNIFICAT
8223,0,0,14:18:22:26:30:34:38:42:46:50,0,0,0,99,0,0,none,0,0,0,0,0,0,0,0,0,0,0,0,0,0,0,0,0,0,0,0,0,0,0	//MER_QUICKEN
8224,0,0,10,0,0,0,99,0,0,none,0,0,0,0,0,0,0,0,0,0,0,0,0,0,0,0,0,0,0,0,0,0,0								//MER_SIGHT
8225,0,0,10,0,0,0,99,0,0,none,0,0,0,0,0,0,0,0,0,0,0,0,0,0,0,0,0,0,0,0,0,0,0								//MER_CRASH
8226,0,0,10,0,0,0,99,0,0,none,0,0,0,0,0,0,0,0,0,0,0,0,0,0,0,0,0,0,0,0,0,0,0								//MER_REGAIN
8227,0,0,10,0,0,0,99,0,0,none,0,0,0,0,0,0,0,0,0,0,0,0,0,0,0,0,0,0,0,0,0,0,0								//MER_TENDER
8228,0,0,10,0,0,0,99,0,0,none,0,0,0,0,0,0,0,0,0,0,0,0,0,0,0,0,0,0,0,0,0,0,0								//MER_BENEDICTION
8229,0,0,10,0,0,0,99,0,0,none,0,0,0,0,0,0,0,0,0,0,0,0,0,0,0,0,0,0,0,0,0,0,0								//MER_RECUPERATE
8230,0,0,10,0,0,0,99,0,0,none,0,0,0,0,0,0,0,0,0,0,0,0,0,0,0,0,0,0,0,0,0,0,0								//MER_MENTALCURE
8231,0,0,10,0,0,0,99,0,0,none,0,0,0,0,0,0,0,0,0,0,0,0,0,0,0,0,0,0,0,0,0,0,0								//MER_COMPRESS
8232,0,0,4:5:6:7:8:9:10:11:12:13,0,0,0,99,0,0,none,0,0,0,0,0,0,0,0,0,0,0,0,0,0,0,0,0,0,0,0,0,0,0		//MER_PROVOKE
8233,0,0,5,0,0,0,99,0,0,none,0,0,0,0,0,0,0,0,0,0,0,0,0,0,0,0,0,0,0,0,0,0,0								//MER_AUTOBERSERK
8234,0,0,15:17:19:21:23:25:27:29:31:33,0,0,0,99,0,0,none,0,0,0,0,0,0,0,0,0,0,0,0,0,0,0,0,0,0,0,0,0,0,0	//MER_DECAGI
8235,0,0,5,0,0,0,99,0,0,none,0,0,0,0,0,0,0,0,0,0,0,0,0,0,0,0,0,0,0,0,0,0,0								//MER_SCAPEGOAT
8236,0,0,20:20:20:20:20:18:16:14:12:10,0,0,0,99,0,0,none,0,0,0,0,0,0,0,0,0,0,0,0,0,0,0,0,0,0,0,0,0,0,0	//MER_LEXDIVINA
8237,0,0,10,0,0,0,99,0,0,none,0,0,0,0,0,0,0,0,0,0,0,0,0,0,0,0,0,0,0,0,0,0,0								//MER_ESTIMATION
8238,0,0,20:20:20:25:25:25:30:30:30:35,0,0,0,99,0,0,none,0,0,0,0,0,0,0,0,0,0,0,0,0,0,0,0,0,0,0,0,0,0,0	//MER_KYRIE
8239,0,0,28:32:36:40:44:48:52:56:60:64,0,0,0,99,0,0,none,0,0,0,0,0,0,0,0,0,0,0,0,0,0,0,0,0,0,0,0,0,0,0	//MER_BLESSING
8240,15,0,18:21:24:27:30:33:36:39:42:45,0,0,0,99,0,0,none,0,0,0,0,0,0,0,0,0,0,0,0,0,0,0,0,0,0,0,0,0,0,0	//MER_INCAGI

// Elemental Spirits Skills
8401,0,0,40,0,0,0,99,0,0,none,0,0,0,0,0,0,0,0,0,0,0,0,0,0,0,0,0,0,0,0,0,0,0								//EL_CIRCLE_OF_FIRE
8402,0,0,60,0,0,0,99,0,0,none,0,0,0,0,0,0,0,0,0,0,0,0,0,0,0,0,0,0,0,0,0,0,0								//EL_FIRE_CLOAK
8403,0,0,80,0,0,0,99,0,0,none,0,0,0,0,0,0,0,0,0,0,0,0,0,0,0,0,0,0,0,0,0,0,0								//EL_FIRE_MANTLE
8404,0,0,40,0,0,0,99,0,0,none,0,0,0,0,0,0,0,0,0,0,0,0,0,0,0,0,0,0,0,0,0,0,0								//EL_WATER_SCREEN
8405,0,0,60,0,0,0,99,0,0,none,0,0,0,0,0,0,0,0,0,0,0,0,0,0,0,0,0,0,0,0,0,0,0								//EL_WATER_DROP
8406,0,0,80,0,0,0,99,0,0,none,0,0,0,0,0,0,0,0,0,0,0,0,0,0,0,0,0,0,0,0,0,0,0								//EL_WATER_BARRIER
8407,0,0,40,0,0,0,99,0,0,none,0,0,0,0,0,0,0,0,0,0,0,0,0,0,0,0,0,0,0,0,0,0,0								//EL_WIND_STEP
8408,0,0,60,0,0,0,99,0,0,none,0,0,0,0,0,0,0,0,0,0,0,0,0,0,0,0,0,0,0,0,0,0,0								//EL_WIND_CURTAIN
8409,0,0,80,0,0,0,99,0,0,none,0,0,0,0,0,0,0,0,0,0,0,0,0,0,0,0,0,0,0,0,0,0,0								//EL_ZEPHYR
8410,0,0,40,0,0,0,99,0,0,none,0,0,0,0,0,0,0,0,0,0,0,0,0,0,0,0,0,0,0,0,0,0,0								//EL_SOLID_SKIN
8411,0,0,60,0,0,0,99,0,0,none,0,0,0,0,0,0,0,0,0,0,0,0,0,0,0,0,0,0,0,0,0,0,0								//EL_STONE_SHIELD
8412,0,0,80,0,0,0,99,0,0,none,0,0,0,0,0,0,0,0,0,0,0,0,0,0,0,0,0,0,0,0,0,0,0								//EL_POWER_OF_GAIA
8413,0,0,1,0,0,0,99,0,0,none,0,0,0,0,0,0,0,0,0,0,0,0,0,0,0,0,0,0,0,0,0,0,0								//EL_PYROTECHNIC
8414,0,0,1,0,0,0,99,0,0,none,0,0,0,0,0,0,0,0,0,0,0,0,0,0,0,0,0,0,0,0,0,0,0								//EL_HEATER
8415,0,0,1,0,0,0,99,0,0,none,0,0,0,0,0,0,0,0,0,0,0,0,0,0,0,0,0,0,0,0,0,0,0								//EL_TROPIC
8416,0,0,1,0,0,0,99,0,0,none,0,0,0,0,0,0,0,0,0,0,0,0,0,0,0,0,0,0,0,0,0,0,0								//EL_AQUAPLAY
8417,0,0,1,0,0,0,99,0,0,none,0,0,0,0,0,0,0,0,0,0,0,0,0,0,0,0,0,0,0,0,0,0,0								//EL_COOLER
8418,0,0,1,0,0,0,99,0,0,none,0,0,0,0,0,0,0,0,0,0,0,0,0,0,0,0,0,0,0,0,0,0,0								//EL_CHILLY_AIR
8419,0,0,1,0,0,0,99,0,0,none,0,0,0,0,0,0,0,0,0,0,0,0,0,0,0,0,0,0,0,0,0,0,0								//EL_GUST
8420,0,0,1,0,0,0,99,0,0,none,0,0,0,0,0,0,0,0,0,0,0,0,0,0,0,0,0,0,0,0,0,0,0								//EL_BLAST
8421,0,0,1,0,0,0,99,0,0,none,0,0,0,0,0,0,0,0,0,0,0,0,0,0,0,0,0,0,0,0,0,0,0								//EL_WILD_STORM
8422,0,0,1,0,0,0,99,0,0,none,0,0,0,0,0,0,0,0,0,0,0,0,0,0,0,0,0,0,0,0,0,0,0								//EL_PETROLOGY
8423,0,0,1,0,0,0,99,0,0,none,0,0,0,0,0,0,0,0,0,0,0,0,0,0,0,0,0,0,0,0,0,0,0								//EL_CURSED_SOIL
8424,0,0,1,0,0,0,99,0,0,none,0,0,0,0,0,0,0,0,0,0,0,0,0,0,0,0,0,0,0,0,0,0,0								//EL_UPHEAVAL
8425,0,0,40,0,0,0,99,0,0,none,0,0,0,0,0,0,0,0,0,0,0,0,0,0,0,0,0,0,0,0,0,0,0								//EL_FIRE_ARROW
8426,0,0,60,0,0,0,99,0,0,none,0,0,0,0,0,0,0,0,0,0,0,0,0,0,0,0,0,0,0,0,0,0,0								//EL_FIRE_BOMB
8427,0,0,1,0,0,0,99,0,0,none,0,0,0,0,0,0,0,0,0,0,0,0,0,0,0,0,0,0,0,0,0,0,0								//EL_FIRE_BOMB_ATK
8428,0,0,80,0,0,0,99,0,0,none,0,0,0,0,0,0,0,0,0,0,0,0,0,0,0,0,0,0,0,0,0,0,0								//EL_FIRE_WAVE
8429,0,0,1,0,0,0,99,0,0,none,0,0,0,0,0,0,0,0,0,0,0,0,0,0,0,0,0,0,0,0,0,0,0								//EL_FIRE_WAVE_ATK
8430,0,0,40,0,0,0,99,0,0,none,0,0,0,0,0,0,0,0,0,0,0,0,0,0,0,0,0,0,0,0,0,0,0								//EL_ICE_NEEDLE
8431,0,0,60,0,0,0,99,0,0,none,0,0,0,0,0,0,0,0,0,0,0,0,0,0,0,0,0,0,0,0,0,0,0								//EL_WATER_SCREW
8432,0,0,1,0,0,0,99,0,0,none,0,0,0,0,0,0,0,0,0,0,0,0,0,0,0,0,0,0,0,0,0,0,0								//EL_WATER_SCREW_ATK
8433,0,0,80,0,0,0,99,0,0,none,0,0,0,0,0,0,0,0,0,0,0,0,0,0,0,0,0,0,0,0,0,0,0								//EL_TIDAL_WEAPON
8434,0,0,40,0,0,0,99,0,0,none,0,0,0,0,0,0,0,0,0,0,0,0,0,0,0,0,0,0,0,0,0,0,0								//EL_WIND_SLASH
8435,0,0,60,0,0,0,99,0,0,none,0,0,0,0,0,0,0,0,0,0,0,0,0,0,0,0,0,0,0,0,0,0,0								//EL_HURRICANE
8436,0,0,1,0,0,0,99,0,0,none,0,0,0,0,0,0,0,0,0,0,0,0,0,0,0,0,0,0,0,0,0,0,0								//EL_HURRICANE_ATK
8437,0,0,80,0,0,0,99,0,0,none,0,0,0,0,0,0,0,0,0,0,0,0,0,0,0,0,0,0,0,0,0,0,0								//EL_TYPOON_MIS
8438,0,0,1,0,0,0,99,0,0,none,0,0,0,0,0,0,0,0,0,0,0,0,0,0,0,0,0,0,0,0,0,0,0								//EL_TYPOON_MIS_ATK
8439,0,0,40,0,0,0,99,0,0,none,0,0,0,0,0,0,0,0,0,0,0,0,0,0,0,0,0,0,0,0,0,0,0								//EL_STONE_HAMMER
8440,0,0,60,0,0,0,99,0,0,none,0,0,0,0,0,0,0,0,0,0,0,0,0,0,0,0,0,0,0,0,0,0,0								//EL_ROCK_CRUSHER
8441,0,0,1,0,0,0,99,0,0,none,0,0,0,0,0,0,0,0,0,0,0,0,0,0,0,0,0,0,0,0,0,0,0								//EL_ROCK_CRUSHER_ATK
8442,0,0,80,0,0,0,99,0,0,none,0,0,0,0,0,0,0,0,0,0,0,0,0,0,0,0,0,0,0,0,0,0,0								//EL_STONE_RAIN

// Guild Skills
10010,0,0,1,0,0,0,99,0,0,none,0,0,0,0,0,0,0,0,0,0,0,0,0,0,0,0,0,0,0,0,0,0,0								//GD_BATTLEORDER
10011,0,0,1,0,0,0,99,0,0,none,0,0,0,0,0,0,0,0,0,0,0,0,0,0,0,0,0,0,0,0,0,0,0								//GD_REGENERATION
10012,0,0,1,0,0,0,99,0,0,none,0,0,0,0,0,0,0,0,0,0,0,0,0,0,0,0,0,0,0,0,0,0,0								//GD_RESTORE
10013,0,0,1,0,0,0,99,0,0,none,0,0,0,0,0,0,0,0,0,0,0,0,0,0,0,0,0,0,0,0,0,0,0								//GD_EMERGENCYCALL
