100  
350  
600  
850  
1100 
1350 
1600 
1850 
2100 
2350 
2600 
2850 
3100 
3350 
3600 
3850 
4100 
4350 
4600 
4850 
5100 
5350 
5600 
5850 
6100 
6350 
6600 
6850 
7100 
7350 
7600 
7850 
8100 
8350 
8600 
8850 
9100 
9350 
9600 
9850 
10100
10350
10600
10850
11100
11350
11600
11850
12100
12350
12600
12850
13100
13350
13600
13850
14100
14350
14600
14850
15100
15350
15600
15850
16100
16350
16600
16850
17100
17350
17600
17850
18100
18350
18600
18850
19100
19350
19600
19850
20100
20350
20600
20850
21100
21350
21600
21850
22100
22350
22600
22850
23100
23350
23600
23850
24100
24350
24600
24850
25100
25350
25600
25850
26100
26350
26600
26850
27100
27350
27600
27850
28100
28350
28600
28850
29100
29350
29600
29850
30100
30350
30600
30850
31100
31350
31600
31850
32100
32350
32600
32850
33100
33350
33600
33850
34100
34350
34600
34850
35100
35350
35600
35850
36100
36350
36600
36850
37100
37350
0    
