//MaxHP & MaxSP tables format:
//Start Level,Max Level,Class list,Type,Max value for Lv 1,2,3,4,5,6,7,8,9,10,11,12,13,14,15,16,17,18,19,20,21,22,23,24,25,26,27,28,29,30,31,32,33,34,35,36,37,38,39,40,41,42,43,44,45,46,47,48,49,50,51,52,53,54,55,56,57,58,59,60,61,62,63,64,65,66,67,68,69,70,71,72,73,74,75,76,77,78,79,80,81,82,83,84,85,86,87,88,89,90,91,92,93,94,95,96,97,98,99
//Type (0 - MaxHP; 1 - MaxSP)

//===============================
// Renewal MaxHP & MaxSP Database
//===============================

//MaxHP - Novice/Super Novice/Novice High/Baby Novice/Baby Super Novice/EX. Super Novice
1,99,0:23:4001:4023:4045:4190,0,40,45,50,55,60,65,70,75,80,85,90,95,100,105,110,115,120,125,130,135,140,145,150,155,160,165,170,175,180,185,190,195,200,205,210,215,220,225,230,235,240,245,250,255,260,265,270,275,280,285,290,295,300,305,310,315,320,325,330,335,340,345,350,355,360,365,370,375,380,385,390,395,400,405,410,415,420,425,430,435,440,445,450,455,460,465,470,475,480,485,490,495,500,505,510,515,520,525,530

//MaxHP - Swordman/Swordman High/Baby Swordman
1,99,1:4002:4024,0,40,46,53,61,70,79,89,100,111,123,136,149,163,178,194,210,227,245,263,282,302,322,343,365,388,411,435,460,485,511,538,565,593,622,652,682,713,745,777,810,844,878,913,949,986,1023,1061,1100,1139,1179,1220,1261,1303,1346,1390,1434,1479,1525,1571,1618,1666,1714,1763,1813,1864,1915,1967,2020,2073,2127,2182,2237,2293,2350,2408,2466,2525,2585,2645,2706,2768,2830,2893,2957,3022,3087,3153,3220,3287,3355,3424,3493,3563,3634,3706,3778,3851,3925,3999

//MaxHP - Magician/Magician High/Baby Magician
1,99,2:4003:4025,0,40,46,52,58,65,72,79,86,94,102,110,119,128,137,147,157,167,177,188,199,210,222,234,246,259,272,285,298,312,326,340,355,370,385,401,417,433,449,466,483,500,518,536,554,573,592,611,630,650,670,690,711,732,753,775,797,819,841,864,887,910,934,958,982,1007,1032,1057,1082,1108,1134,1160,1187,1214,1241,1269,1297,1325,1353,1382,1411,1440,1470,1500,1530,1561,1592,1623,1654,1686,1718,1750,1783,1816,1849,1883,1917,1951,1985,2020

//MaxHP - Archer/Thief/Archer High/Thief High/Baby Archer/Baby Thief
1,99,3:6:4004:4007:4026:4029,0,40,46,53,60,68,76,85,94,104,114,125,136,148,160,173,186,200,214,229,244,260,276,293,310,328,346,365,384,404,424,445,466,488,510,533,556,580,604,629,654,680,706,733,760,788,816,845,874,904,934,965,996,1028,1060,1093,1126,1160,1194,1229,1264,1300,1336,1373,1410,1448,1486,1525,1564,1604,1644,1685,1726,1768,1810,1853,1896,1940,1984,2029,2074,2120,2166,2213,2260,2308,2356,2405,2454,2504,2554,2605,2656,2708,2760,2813,2866,2920,2974,3029

//MaxHP - Acolyte/Merchant/Acolyte High/Merchant High/Baby Acolyte/Baby Merchant
1,99,4:5:4005:4006:4027:4028,0,40,46,52,59,66,73,81,89,98,107,116,126,136,147,158,169,181,193,206,219,232,246,260,275,290,305,321,337,354,371,388,406,424,443,462,481,501,521,542,563,584,606,628,651,674,697,721,745,770,795,820,846,872,899,926,953,981,1009,1038,1067,1096,1126,1156,1187,1218,1249,1281,1313,1346,1379,1412,1446,1480,1515,1550,1585,1621,1657,1694,1731,1768,1806,1844,1883,1922,1961,2001,2041,2082,2123,2164,2206,2248,2291,2334,2377,2421,2465,2510

//MaxHP - Knight/Knight (Peco)/Lord Knight/Lord Knight (Peco)/Baby Knight/Baby Knight (Peco)
1,99,7:13:4008:4014:4030:4036,0,40,48,58,69,82,96,112,129,148,168,190,213,238,264,292,321,352,384,418,453,490,528,568,609,652,696,742,789,838,888,940,993,1048,1104,1162,1221,1282,1344,1408,1473,1540,1608,1678,1749,1822,1896,1972,2049,2128,2208,2290,2373,2458,2544,2632,2721,2812,2904,2998,3093,3190,3288,3388,3489,3592,3696,3802,3909,4018,4128,4240,4353,4468,4584,4702,4821,4942,5064,5188,5313,5440,5568,5698,5829,5962,6096,6232,6369,6508,6648,6790,6933,7078,7224,7372,7521,7672,7824,7978

//MaxHP - Priest/Sage/High Priest/Professor/Baby Priest/Baby Sage
1,99,8:16:4009:4017:4031:4039,0,40,47,54,62,71,81,91,102,114,127,140,154,169,185,201,218,236,255,274,294,315,337,359,382,406,431,456,482,509,537,565,594,624,655,686,718,751,785,819,854,890,927,964,1002,1041,1081,1121,1162,1204,1247,1290,1334,1379,1425,1471,1518,1566,1615,1664,1714,1765,1817,1869,1922,1976,2031,2086,2142,2199,2257,2315,2374,2434,2495,2556,2618,2681,2745,2809,2874,2940,3007,3074,3142,3211,3281,3351,3422,3494,3567,3640,3714,3789,3865,3941,4018,4096,4175,4254

//MaxHP - Wizard/High Wizard/Baby Wizard
1,99,9:4010:4032,0,40,46,53,60,68,76,85,94,104,115,126,138,150,163,176,190,204,219,234,250,267,284,302,320,339,358,378,398,419,441,463,486,509,533,557,582,607,633,659,686,714,742,771,800,830,860,891,922,954,987,1020,1054,1088,1123,1158,1194,1230,1267,1304,1342,1381,1420,1460,1500,1541,1582,1624,1666,1709,1753,1797,1842,1887,1933,1979,2026,2073,2121,2169,2218,2268,2318,2369,2420,2472,2524,2577,2630,2684,2739,2794,2850,2906,2963,3020,3078,3136,3195,3254

//MaxHP - Blacksmith/Alchemist/Whitesmith/Creator/Baby Blacksmith/Baby Alchemist
1,99,10:18:4011:4019:4033:4041,0,40,47,55,64,74,84,95,107,120,134,149,165,182,200,219,238,258,279,301,324,348,373,399,426,454,482,511,541,572,604,637,671,706,742,779,816,854,893,933,974,1016,1059,1103,1148,1194,1240,1287,1335,1384,1434,1485,1537,1590,1644,1699,1754,1810,1867,1925,1984,2044,2105,2167,2230,2294,2358,2423,2489,2556,2624,2693,2763,2834,2906,2979,3052,3126,3201,3277,3354,3432,3511,3591,3672,3754,3836,3919,4003,4088,4174,4261,4349,4438,4528,4619,4710,4802,4895,4989

//MaxHP - Hunter/Rogue/Sniper/Stalker/Baby Hunter/Baby Rogue
1,99,11:17:4012:4018:4034:4040,0,40,47,55,63,72,82,93,105,118,132,146,161,177,194,212,231,250,270,291,313,336,360,385,410,436,463,491,520,550,581,612,644,677,711,746,782,818,855,893,932,972,1013,1055,1097,1140,1184,1229,1275,1322,1370,1418,1467,1517,1568,1620,1673,1726,1780,1835,1891,1948,2006,2065,2124,2184,2245,2307,2370,2434,2499,2564,2630,2697,2765,2834,2904,2974,3045,3117,3190,3264,3339,3415,3491,3568,3646,3725,3805,3886,3968,4050,4133,4217,4302,4388,4475,4562,4650,4739

//MaxHP - Assassin/Assassin Cross/Baby Assassin
1,99,12:4013:4035,0,40,47,55,64,75,87,100,114,129,145,162,180,199,219,241,264,288,313,339,366,394,423,453,484,517,551,586,622,659,697,736,776,817,859,903,948,994,1041,1089,1138,1188,1239,1291,1344,1399,1455,1512,1570,1629,1689,1750,1812,1875,1939,2005,2072,2140,2209,2279,2350,2422,2495,2569,2644,2721,2799,2878,2958,3039,3121,3204,3288,3373,3459,3547,3636,3726,3817,3909,4002,4096,4191,4287,4384,4483,4583,4684,4786,4889,4993,5098,5204,5311,5419,5529,5640,5752,5865,5979

//MaxHP - Crusader/Crusader (Peco)/Paladin/Paladin (Peco)/Baby Crusader/Baby Crusader (Peco)
1,99,14:21:4015:4022:4037:4044,0,40,47,56,62,81,94,108,128,147,165,184,204,225,247,271,296,322,349,377,406,436,467,499,532,567,603,640,678,717,757,798,840,883,927,973,1020,1068,1117,1167,1218,1270,1323,1377,1432,1489,1547,1606,1666,1727,1789,1852,1916,1981,2047,2115,2184,2254,2325,2397,2470,2544,2619,2695,2772,2851,2931,3012,3094,3177,3261,3346,3432,3519,3607,3697,3788,3880,3973,4067,4162,4258,4355,4453,4552,4653,4755,4858,4962,5067,5173,5280,5388,5497,5607,5719,5832,5946,6061,6177

//MaxHP - Monk/Champion/Baby Monk
1,99,15:4016:4038,0,40,47,55,64,74,84,95,107,120,134,149,165,182,200,219,238,258,306,329,354,379,406,433,462,491,521,551,583,615,649,683,719,755,793,831,870,909,950,991,1034,1077,1122,1167,1214,1261,1309,1357,1407,1457,1509,1561,1615,1669,1725,1781,1838,1895,1954,2013,2074,2135,2198,2261,2326,2391,2457,2523,2591,2659,2729,2799,2871,2943,3017,3091,3166,3241,3318,3395,3474,3553,3634,3715,3798,3881,3965,4049,4135,4221,4309,4397,4487,4577,4669,4761,4854,4947,5042,5137

//MaxHP - Bard/Dancer/Clown/Gypsy/Baby Bard/Baby Dancer
1,99,19:20:4020:4021:4042:4043,0,40,47,54,62,71,81,91,102,114,127,140,154,169,180,196,212,224,242,260,278,296,316,330,350,371,393,415,438,451,477,503,530,558,587,616,646,677,709,741,774,808,843,878,914,951,989,1027,1066,1106,1147,1188,1230,1273,1317,1361,1406,1452,1499,1546,1594,1643,1693,1743,1794,1846,1899,1952,2006,2061,2117,2173,2230,2288,2347,2406,2466,2527,2589,2651,2714,2778,2843,2908,2974,3041,3109,3177,3246,3316,3387,3458,3530,3603,3677,3751,3826,3902,3979,4056

//MaxHP - Gunslinger
1,99,24,0,40,47,55,64,74,84,95,107,120,134,149,165,182,200,219,238,258,306,329,354,379,406,433,462,491,521,551,583,615,649,683,719,755,793,831,870,909,950,991,1034,1077,1122,1167,1214,1261,1309,1357,1407,1457,1509,1561,1615,1669,1725,1781,1838,1895,1954,2013,2074,2135,2198,2261,2326,2391,2457,2523,2591,2659,2670,2680,2690,2700,2710,2720,2730,2740,2750,2760,3000,3020,3040,3060,3080,3100,3120,3140,3160,3180,3455,3524,3593,3663,3734,3806,3878,3951,4025,4500

//MaxHP - Ninja
1,99,25:4211:4212,0,40,47,54,62,71,81,91,102,114,127,140,154,169,185,201,218,236,255,274,294,315,337,359,382,406,431,456,482,509,537,565,594,624,655,686,718,751,785,819,854,890,927,964,1002,1041,1081,1121,1162,1204,1247,1290,1334,1379,1425,1471,1518,1566,1615,1664,1714,1765,1817,1869,1922,1976,2031,2086,2142,2199,2257,2275,2294,2314,2335,2356,2378,2401,2425,2449,2874,2890,2907,2924,2942,2971,2991,3011,3032,3054,3567,3590,3614,3649,3675,3701,3728,3756,3800,4250

//MaxHP - Taekwon
1,99,4046,0,40,46,53,61,70,79,89,100,111,123,136,149,163,178,194,210,227,245,263,282,302,322,343,365,388,411,435,460,485,511,538,565,593,622,652,682,713,745,777,810,844,878,913,949,986,1023,1061,1100,1139,1179,1220,1261,1303,1346,1390,1434,1479,1525,1571,1618,1666,1714,1763,1813,1864,1915,1967,2020,2073,2127,2137,2147,2157,2167,2177,2187,2197,2200,2210,2230,2250,2300,2350,2400,2450,2500,2550,2600,2650,2700,2750,2800,2850,2900,2950,3000,3050,3100,3200

//MaxHP - Star Knight/Star Knight (flying)
1,99,4047:4048,0,40,47,55,64,74,84,95,107,120,134,149,165,182,200,219,238,258,306,329,354,379,406,433,462,491,521,551,583,615,649,683,719,755,793,831,870,909,950,991,1034,1077,1122,1167,1214,1261,1309,1357,1407,1457,1509,1561,1615,1669,1725,1781,1838,1895,1954,2013,2074,2135,2198,2261,2326,2391,2457,2523,2591,2659,2670,2680,2690,2700,2710,2720,2730,2740,2750,2760,3000,3020,3040,3060,3080,3100,3120,3140,3160,3180,3455,3524,3593,3663,3734,3806,3878,3951,4025,4500

//MaxHP - Soul Linker
1,99,4049,0,40,47,54,62,71,81,91,102,114,127,140,154,169,185,201,218,236,255,274,294,315,337,359,382,406,431,456,482,509,537,565,594,624,655,686,718,751,785,819,854,890,927,964,1002,1041,1081,1121,1162,1204,1247,1290,1334,1379,1425,1471,1518,1566,1615,1664,1714,1765,1817,1869,1922,1976,2031,2086,2142,2199,2257,2275,2294,2314,2335,2356,2378,2401,2425,2449,2874,2890,2907,2924,2942,2971,2991,3011,3032,3054,3567,3590,3614,3649,3675,3701,3728,3756,3800,4250

//MaxHP - Munak/Bongun
1,99,4050,0,40,46,53,60,68,76,85,94,104,114,125,136,148,160,173,186,200,214,229,244,260,276,293,310,328,346,365,384,404,424,445,466,488,510,533,556,580,604,629,654,680,706,733,760,788,816,845,874,904,934,965,996,1028,1060,1093,1126,1160,1194,1229,1264,1300,1336,1373,1410,1448,1486,1525,1564,1604,1644,1685,1726,1768,1810,1853,1896,1940,1984,2029,2074,2120,2166,2213,2260,2308,2356,2405,2454,2504,2554,2605,2656,2708,2760,2813,2866,2920,2974,3029

//MaxHP - Death Knight
1,99,4051,0,2040,2046,2053,2060,2068,2076,2085,2094,2104,2114,2125,2136,2148,2160,2173,2186,2200,2214,2229,2244,2260,2276,2293,2310,2328,2346,2365,2384,2404,2424,2445,2466,2488,2510,2533,2556,2580,2604,2629,2654,2680,2706,2733,2760,2788,2816,2845,2874,2904,2934,2965,2996,3028,3060,3093,3126,3160,3194,3229,3264,3300,3336,3373,3410,3448,3486,3525,3564,3604,3644,3685,3726,3768,3810,3853,3896,3940,3984,4029,4074,4120,4166,4213,4260,4308,4356,4405,4454,4504,4554,4605,4656,4708,4760,4813,4866,4920,4974,5029

//MaxHP - Dark Collector
1,99,4052,0,40,47,54,62,71,81,91,102,114,127,140,154,169,185,201,218,236,255,274,294,315,337,359,382,406,431,456,482,509,537,565,594,624,655,686,718,751,785,819,854,890,927,964,1002,1041,1081,1121,1162,1204,1247,1290,1334,1379,1425,1471,1518,1566,1615,1664,1714,1765,1817,1869,1922,1976,2031,2086,2142,2199,2257,2315,2374,2434,2495,2556,2618,2681,2745,2809,2874,2940,3007,3074,3142,3211,3281,3351,3422,3494,3567,3640,3714,3789,3865,3941,4018,4096,4175,4254

//MaxHP - Rune Knight/Rune Knight_T/Rune Knight (Dragon)/Rune Knight (Dragon)_T
99,150,4054:4060:4080:4081:4096:4109,0,8100,8133,8242,8352,8464,8576,8690,8804,8920,9036,9154,9273,9393,9514,9636,9759,9883,10008,10134,10261,10389,10518,10648,10779,10912,11045,11180,11315,11452,11589,11728,11868,12009,12151,12294,12438,12583,12729,12876,13024,13173,13323,13474,13626,13780,13934,14090,14246,14404,14562,14722,14883

//MaxHP - Warlock/Warlock_T
99,150,4055:4061:4097,0,3200,3313,3383,3455,3528,3601,3675,3749,3824,3899,3975,4051,4129,4208,4287,4367,4447,4528,4609,4691,4773,4857,4941,5026,5112,5198,5285,5372,5460,5548,5638,5728,5819,5911,6003,6096,6189,6283,6377,6473,6569,6666,6763,6861,6960,7059,7159,7259,7361,7463,7566,7669

//MaxHP - Ranger/Ranger_T/Minstrel/Wanderer/Minstrel_T/Wanderer_T/Ranger (Warg)/Ranger (Warg)_T
99,150,4056:4062:4068:4069:4075:4076:4084:4085:4098:4104:4105:4111,0,4800,4828,4918,5009,5101,5194,5288,5382,5477,5573,5670,5768,5867,5967,6068,6170,6273,6377,6482,6588,6694,6801,6909,7018,7128,7239,7351,7464,7578,7693,7809,7926,8044,8162,8281,8401,8522,8644,8767,8891,9016,9142,9269,9397,9526,9656,9786,9917,10049,10182,10316,10451

//MaxHP - Arch Bishop/Arch Bishop_T
99,150,4057:4063:4099,0,4300,4333,4412,4491,4570,4649,4728,4807,4886,4965,5044,5123,5202,5281,5360,5439,5518,5597,5676,5755,5834,5913,5992,6071,6150,6229,6308,6387,6466,6545,6624,6703,6782,6861,6940,7019,7098,7177,7256,7335,7414,7493,7572,7651,7730,7809,7888,7967,8046,8125,8204,8283

//MaxHP - Mechanic/Mechanic_T/Sura/Sura_T/Mechanic (Mado Gear)/Mechanic (Mado Gear)_T
99,150,4058:4064:4086:4087:4100:4112,0,5807,5844,5952,6061,6172,6283,6396,6510,6625,6741,6857,6974,7093,7212,7333,7455,7578,7702,7828,7954,8081,8208,8337,8467,8598,8730,8864,8998,9134,9271,9408,9546,9685,9825,9967,10109,10253,10398,10544,10691,10838,10987,11136,11287,11439,11592,11746,11901,12057,12215,12372,12531

//MaxHP - Guillotine Cross/Guillotine Cross_T/Royal Guard/Shadow Chaser/Royal Guard_T/Shadow Chaser_T/Royal Guard (Gryphon)/Royal Guard (Gryphon)_T
99,150,4059:4065:4066:4072:4073:4079:4082:4083:4101:4102:4108:4110,0,6050,6093,6208,6324,6441,6559,6678,6798,6920,7043,7167,7292,7418,7545,7673,7802,7932,8063,8196,8330,8465,8601,8738,8876,9015,9155,9296,9438,9582,9727,9873,10020,10168,10317,10467,10618,10770,10923,11078,11234,11391,11549,11708,11868,12029,12191,12354,12518,12684,12851,13019,13188

//MaxHP - Sorcerer/Sorcerer_T
99,150,4067:4074:4103,0,4080,4103,4180,4257,4335,4414,4494,4574,4655,4737,4819,4902,4986,5071,5157,5244,5332,5420,5509,5599,5689,5780,5872,5965,6058,6153,6248,6344,6441,6539,6637,6737,6837,6937,7038,7140,7243,7347,7451,7557,7663,7770,7878,7987,8097,8207,8318,8429,8541,8654,8768,8883

//MaxHP - Sura/Sura_T
99,150,4070:4077:4106,0,5050,5082,5176,5271,5367,5464,5562,5661,5761,5862,5963,6065,6168,6272,6377,6483,6590,6698,6807,6917,7027,7138,7250,7363,7477,7592,7708,7825,7943,8062,8181,8301,8422,8544,8667,8791,8916,9042,9169,9297,9425,9554,9684,9815,9947,10080,10214,10349,10485,10622,10759,10897

//MaxHP - Genetic/Genetic_T
99,150,4071:4078:4107,0,4730,4766,4853,4940,5027,5113,5200,5287,5374,5461,5548,5635,5722,5809,5896,5982,6069,6156,6243,6330,6417,6504,6591,6678,6765,6851,6938,7025,7112,7199,7286,7373,7460,7547,7634,7720,7807,7894,7981,8068,8155,8242,8329,8416,8503,8589,8676,8763,8850,8937,9024,9111

//MaxSP - Novice/Super Novice/Novice High/Baby Novice/Baby Super Novice/Ex. Super Novice
1,99,0:23:4001:4023:4045:4190,1,11,12,13,14,15,16,17,18,19,20,21,22,23,24,25,26,27,28,29,30,31,32,33,34,35,36,37,38,39,40,41,42,43,44,45,46,47,48,49,50,51,52,53,54,55,56,57,58,59,60,61,62,63,64,65,66,67,68,69,70,71,72,73,74,75,76,77,78,79,80,81,82,83,84,85,86,87,88,89,90,91,92,93,94,95,96,97,98,99,100,101,102,103,104,105,106,107,108,109

//MaxSP - Swordman/Archer/Thief/Swordman High/Archer High/Thief High/Baby Swordman/Baby Archer/Baby Thief
1,99,1:3:6:4002:4004:4007:4024:4026:4029,1,12,14,16,18,20,22,24,26,28,30,32,34,36,38,40,42,44,46,48,50,52,54,56,58,60,62,64,66,68,70,72,74,76,78,80,82,84,86,88,90,92,94,96,98,100,102,104,106,108,110,112,114,116,118,120,122,124,126,128,130,132,134,136,138,140,142,144,146,148,150,152,154,156,158,160,162,164,166,168,170,172,174,176,178,180,182,184,186,188,190,192,194,196,198,200,202,204,206,208

//MaxSP - Magician/Bard/Dancer/Magician High/Clown/Gypsy/Baby Magician/Baby Bard/Baby Dancer
1,99,2:19:20:4003:4020:4021:4025:4042:4043,1,16,22,28,34,40,46,52,58,64,70,76,82,88,94,100,106,112,118,124,130,136,142,148,154,160,166,172,178,184,190,196,202,208,214,220,226,232,238,244,250,256,262,268,274,280,286,292,298,304,310,316,322,328,334,340,346,352,358,364,370,376,382,388,394,400,406,412,418,424,430,436,442,448,454,460,466,472,478,484,490,496,502,508,514,520,526,532,538,544,550,556,562,568,574,580,586,592,598,604

//MaxSP - Acolyte/Rogue/Acolyte High/Stalker/Baby Acolyte/Baby Rogue
1,99,4:17:4005:4018:4027:4040,1,15,20,25,30,35,40,45,50,55,60,65,70,75,80,85,90,95,100,105,110,115,120,125,130,135,140,145,150,155,160,165,170,175,180,185,190,195,200,205,210,215,220,225,230,235,240,245,250,255,260,265,270,275,280,285,290,295,300,305,310,315,320,325,330,335,340,345,350,355,360,365,370,375,380,385,390,395,400,405,410,415,420,425,430,435,440,445,450,455,460,465,470,475,480,485,490,495,500,505

//MaxSP - Merchant/Knight/Knight (Peco)/Merchant High/Lord Knight/Lord Knight (Peco)/Baby Merchant/Baby Knight/Baby Knight (Peco)
1,99,5:7:13:4006:4008:4014:4028:4030:4036,1,13,16,19,22,25,28,31,34,37,40,43,46,49,52,55,58,61,64,67,70,73,76,79,82,85,88,91,94,97,100,103,106,109,112,115,118,121,124,127,130,133,136,139,142,145,148,151,154,157,160,163,166,169,172,175,178,181,184,187,190,193,196,199,202,205,208,211,214,217,220,223,226,229,232,235,238,241,244,247,250,253,256,259,262,265,268,271,274,277,280,283,286,289,292,295,298,301,304,307

//MaxSP - Priest/High Priest/Baby Priest
1,99,8:4009:4031,1,18,26,34,42,50,58,66,74,82,90,98,106,114,122,130,138,146,154,162,170,178,186,194,202,210,218,226,234,242,250,258,266,274,282,290,298,306,314,322,330,338,346,354,362,370,378,386,394,402,410,418,426,434,442,450,458,466,474,482,490,498,506,514,522,530,538,546,554,562,570,578,586,594,602,610,618,626,634,642,650,658,666,674,682,690,698,706,714,722,730,738,746,754,762,770,778,786,794,802

//MaxSP - Wizard/High Wizard/Baby Wizard
1,99,9:4010:4032,1,19,28,37,46,55,64,73,82,91,100,109,118,127,136,145,154,163,172,181,190,199,208,217,226,235,244,253,262,271,280,289,298,307,316,325,334,343,352,361,370,379,388,397,406,415,424,433,442,451,460,469,478,487,496,505,514,523,532,541,550,559,568,577,586,595,604,613,622,631,640,649,658,667,676,685,694,703,712,721,730,739,748,757,766,775,784,793,802,811,820,829,838,847,856,865,874,883,892,901

//MaxSP - Blacksmith/Hunter/Assassin/Alchemist/Whitesmith/Sniper/Assassin Cross/Creator/Baby Blacksmith/Baby Hunter/Baby Assassin/Baby Alchemist
1,99,10:11:12:18:4011:4012:4013:4019:4033:4034:4035:4041,1,14,18,22,26,30,34,38,42,46,50,54,58,62,66,70,74,78,82,86,90,94,98,102,106,110,114,118,122,126,130,134,138,142,146,150,154,158,162,166,170,174,178,182,186,190,194,198,202,206,210,214,218,222,226,230,234,238,242,246,250,254,258,262,266,270,274,278,282,286,290,294,298,302,306,310,314,318,322,326,330,334,338,342,346,350,354,358,362,366,370,374,378,382,386,390,394,398,402,406

//MaxSP - Crusader/Monk/Crusader (Peco)/Paladin/Champion/Paladin (Peco)/Baby Crusader/Baby Monk/Baby Crusader (Peco)
1,99,14:15:21:4015:4016:4022:4037:4038:4044,1,14,19,24,28,33,38,42,47,52,57,61,66,71,75,80,85,89,94,99,104,108,113,118,122,127,132,136,141,146,151,155,160,165,169,174,179,183,188,193,198,202,207,212,216,221,226,230,235,240,245,249,254,259,263,268,273,277,282,287,292,296,301,306,310,315,320,324,329,334,339,343,348,353,357,362,367,371,376,381,386,390,395,400,404,409,414,418,423,428,433,437,442,447,451,456,461,465,470,475

//MaxSP - Sage/Professor/Baby Sage
1,99,16:4017:4039,1,17,24,31,38,45,52,59,66,73,80,87,94,101,108,115,122,129,136,143,150,157,164,171,178,185,192,199,206,213,220,227,234,241,248,255,262,269,276,283,290,297,304,311,318,325,332,339,346,353,360,367,374,381,388,395,402,409,416,423,430,437,444,451,458,465,472,479,486,493,500,507,514,521,528,535,542,549,556,563,570,577,584,591,598,605,612,619,626,633,640,647,654,661,668,675,682,689,696,703

//MaxSP - Gunslinger
1,99,24,1,12,15,18,21,24,27,30,33,36,39,42,45,48,51,54,57,61,64,67,70,73,76,79,82,85,89,93,97,101,105,109,113,117,121,125,129,131,135,139,141,145,149,153,157,161,165,169,173,177,181,186,191,196,201,206,211,216,221,226,231,236,241,246,251,256,261,266,271,276,281,286,291,296,301,306,312,318,324,336,342,348,354,360,366,372,378,384,390,396,402,408,414,420,426,432,438,444,450,456

//MaxSP - Ninja
1,99,25:4211:4212,1,14,17,20,23,26,29,32,35,38,41,44,47,50,53,56,59,62,65,68,71,75,79,83,87,91,95,99,103,107,111,115,119,123,127,131,135,139,143,147,151,156,161,166,171,176,181,186,191,196,201,206,211,216,221,226,231,236,241,246,251,257,263,269,275,281,287,293,299,305,311,317,323,329,335,341,347,353,359,365,371,378,386,394,402,410,418,426,434,442,450,458,466,474,482,490,498,506,514,522

//MaxSP - Taekwon
1,99,4046,1,12,14,16,18,20,22,24,26,28,30,32,34,36,38,40,42,44,46,48,50,52,54,56,58,60,62,64,66,68,70,72,74,76,78,80,82,84,86,88,90,92,94,96,98,100,102,104,106,108,110,112,114,116,118,120,122,124,126,128,130,132,134,136,138,140,142,144,146,148,150,151,152,153,154,155,156,157,158,159,170,171,172,173,174,175,176,177,178,188,190,190,190,190,190,190,190,190,190,200

//MaxSP - Star Knight/Star Knight (flying)
1,99,4047:4048,1,14,19,24,28,33,38,42,47,52,57,61,66,71,75,80,85,89,94,99,104,108,113,118,122,127,132,136,141,146,151,155,160,165,169,174,179,183,188,193,198,202,207,212,216,221,226,230,235,240,245,249,254,259,263,268,273,277,282,287,292,296,301,306,310,315,320,324,329,334,339,341,343,345,347,349,351,353,355,357,386,388,390,392,394,396,398,400,402,404,430,433,436,439,442,445,448,451,454,500

//MaxSP - Soul Linker
1,99,4049,1,19,28,37,46,55,64,73,82,91,100,109,118,127,136,145,154,163,172,181,190,199,208,217,226,235,244,253,262,271,280,289,298,307,316,325,334,343,352,361,370,379,388,397,406,415,424,433,442,451,460,469,478,487,496,505,514,523,532,541,550,559,568,577,586,595,604,613,622,631,635,640,645,650,655,660,665,670,675,680,730,735,740,745,750,755,760,765,770,775,820,825,830,845,850,855,860,865,870,900

//MaxSP - Munak/Bongun
1,99,4050,1,13,16,19,22,25,28,31,34,37,40,43,46,49,52,55,58,61,64,67,70,73,76,79,82,85,88,91,94,97,100,103,106,109,112,115,118,121,124,127,130,133,136,139,142,145,148,151,154,157,160,163,166,169,172,175,178,181,184,187,190,193,196,199,202,205,208,211,214,217,220,223,226,229,232,235,238,241,244,247,250,253,256,259,262,265,268,271,274,277,280,283,286,289,292,295,298,301,304,307

//MaxSP - Death Knight
1,99,4051,1,13,16,19,22,25,28,31,34,37,40,43,46,49,52,55,58,61,64,67,70,73,76,79,82,85,88,91,94,97,100,103,106,109,112,115,118,121,124,127,130,133,136,139,142,145,148,151,154,157,160,163,166,169,172,175,178,181,184,187,190,193,196,199,202,205,208,211,214,217,220,223,226,229,232,235,238,241,244,247,250,253,256,259,262,265,268,271,274,277,280,283,286,289,292,295,298,301,304,307

//MaxSP - Dark Collector
1,99,4052,1,17,24,31,38,45,52,59,66,73,80,87,94,101,108,115,122,129,136,143,150,157,164,171,178,185,192,199,206,213,220,227,234,241,248,255,262,269,276,283,290,297,304,311,318,325,332,339,346,353,360,367,374,381,388,395,402,409,416,423,430,437,444,451,458,465,472,479,486,493,500,507,514,521,528,535,542,549,556,563,570,577,584,591,598,605,612,619,626,633,640,647,654,661,668,675,682,689,696,703

//MaxSP - Rune Knight/Rune Knight_T/Rune Knight (Dragon)/Rune Knight (Dragon)_T
99,150,4054:4060:4080:4081:4096:4109,1,300,310,313,316,319,322,325,328,331,334,337,340,343,346,349,352,355,358,361,364,367,370,373,376,379,382,385,388,391,394,397,400,403,406,409,412,415,418,421,424,427,430,433,436,439,442,445,448,451,454,457,460

//MaxSP - Warlock/Sorcerer/Genetic/Warlock_T/Sorcerer_T/Genetic_T
99,150,4055:4061:4067:4071:4074:4078:4097:4103:4107,1,900,910,919,928,937,946,955,964,973,982,991,1000,1009,1018,1027,1036,1045,1054,1063,1072,1081,1090,1099,1108,1117,1126,1135,1144,1153,1162,1171,1180,1189,1198,1207,1216,1225,1234,1243,1252,1261,1270,1279,1288,1297,1306,1315,1324,1333,1342,1351,1360

//MaxSP - Arch Bishop/Arch Bishop_T
99,150,4057:4063:4099,1,800,810,818,826,834,842,850,858,866,874,882,890,898,906,914,922,930,938,946,954,962,970,978,986,994,1002,1010,1018,1026,1034,1042,1050,1058,1066,1074,1082,1090,1098,1106,1114,1122,1130,1138,1146,1154,1162,1170,1178,1186,1194,1202,1210

//MaxSP - Ranger/Mechanic/Guillotine Cross/Ranger_T/Mechanic_T/Guillotine Cross_T/Royal Guard/Minstrel/Wanderer/Sura/Shadow Chaser/Royal Guard_T/Minstrel_T/Wanderer_T/Sura_T/Shadow Chaser_T/Royal Guard (Gryphon)/Royal Guard (Gryphon)_T/Ranger (Warg)/Ranger (Warg)_T/Mechanic (Mado Gear)/Mechanic (Mado Gear)_T
1,150,4056:4058:4059:4062:4064:4065:4066:4068:4069:4070:4072:4073:4075:4076:4077:4079:4082:4083:4084:4085:4086:4087:4098:4100:4101:4102:4104:4105:4106:4108:4110:4111:4112,1,14,18,22,26,30,34,38,42,46,50,54,58,62,66,70,74,78,82,86,90,94,98,102,106,110,114,118,122,126,130,134,138,142,146,150,154,158,162,166,170,174,178,182,186,190,194,198,202,206,210,214,218,222,226,230,234,238,242,246,250,254,258,262,266,270,274,278,282,286,290,294,298,302,306,310,314,318,322,326,330,334,338,342,346,350,354,358,362,366,370,374,378,382,386,390,394,398,402,406,410,414,418,422,426,430,434,438,442,446,450,454,458,462,466,470,474,478,482,486,490,494,498,502,506,510,514,518,522,526,530,534,538,542,546,550,554,558,562,566,570,574,578,582,586,590,594,598,602,606,610
