// Job-specific Values Database
//
// Structure of Database:
// JobID,Weight,HPFactor,HPMultiplicator,SPFactor,Unarmed,Dagger,1HSword,2HSword,1HSpear,2HSpear,1HAxe,2HAxe,1HMace,2HMace(unused),Rod,Bow,Knuckle,Instrument,Whip,Book,Katar,Revolver,Rifle,Gatling Gun,Shotgun,Grenade Launcher,Fuuma Shuriken,2HStaff,Shield
//
// Novice
0,	20000,0    ,500  ,100  ,40  ,55  ,57  ,200 ,200 ,200 ,50  ,200 ,50  ,55  ,65  ,200 ,200 ,200 ,200 ,200 ,200 ,200 ,200 ,200 ,200 ,200 ,200 ,65  ,10
// Swordman
1,	28000,70   ,500  ,200  ,40  ,47  ,47  ,54  ,57  ,65  ,55  ,60  ,50  ,55  ,200 ,200 ,200 ,200 ,200 ,200 ,200 ,200 ,200 ,200 ,200 ,200 ,200 ,200 ,5
// Magician
2,	22000,30   ,500  ,600  ,50  ,50  ,200 ,200 ,200 ,200 ,200 ,200 ,200 ,200 ,55  ,200 ,200 ,200 ,200 ,200 ,200 ,200 ,200 ,200 ,200 ,200 ,200 ,55  ,10
// Archer
3,	26000,50   ,500  ,200  ,40  ,55  ,200 ,200 ,200 ,200 ,200 ,200 ,200 ,200 ,200 ,50  ,200 ,200 ,200 ,200 ,200 ,200 ,200 ,200 ,200 ,200 ,200 ,200 ,9
// Acolyte
4,	24000,40   ,500  ,500  ,40  ,200 ,200 ,200 ,200 ,200 ,200 ,200 ,45  ,50  ,60  ,200 ,200 ,200 ,200 ,200 ,200 ,200 ,200 ,200 ,200 ,200 ,200 ,60  ,7
// Merchant
5,	28000,40   ,500  ,300  ,40  ,52  ,52  ,200 ,200 ,200 ,48  ,55  ,50  ,55  ,200 ,200 ,200 ,200 ,200 ,200 ,200 ,200 ,200 ,200 ,200 ,200 ,200 ,200 ,5
// Thief
6,	24000,50   ,500  ,200  ,40  ,48  ,50  ,200 ,200 ,200 ,60  ,200 ,200 ,200 ,200 ,53  ,200 ,200 ,200 ,200 ,200 ,200 ,200 ,200 ,200 ,200 ,200 ,200 ,6
// Knight
7,	28000,150  ,500  ,300  ,40  ,49  ,45  ,52  ,55  ,60  ,50  ,55  ,45  ,50  ,200 ,200 ,200 ,200 ,200 ,200 ,200 ,200 ,200 ,200 ,200 ,200 ,200 ,200 ,5
// Priest
8,	26000,75   ,500  ,800  ,40  ,200 ,200 ,200 ,200 ,200 ,200 ,200 ,43  ,48  ,60  ,200 ,60  ,200 ,200 ,44  ,200 ,200 ,200 ,200 ,200 ,200 ,200 ,60  ,5
// Wizard
9,	24000,55   ,500  ,900  ,50  ,54  ,200 ,200 ,200 ,200 ,200 ,200 ,200 ,200 ,53  ,200 ,200 ,200 ,200 ,200 ,200 ,200 ,200 ,200 ,200 ,200 ,200 ,53  ,8
// Blacksmith
10,	30000,90   ,500  ,400  ,40  ,50  ,50  ,200 ,200 ,200 ,46  ,53  ,48  ,53  ,200 ,200 ,200 ,200 ,200 ,200 ,200 ,200 ,200 ,200 ,200 ,200 ,200 ,200 ,5
// Hunter
11,	27000,85   ,500  ,400  ,40  ,53  ,200 ,200 ,200 ,200 ,200 ,200 ,200 ,200 ,200 ,48  ,200 ,200 ,200 ,200 ,200 ,200 ,200 ,200 ,200 ,200 ,200 ,200 ,9
// Assassin
12,	24000,110  ,500  ,400  ,40  ,42  ,50  ,200 ,200 ,200 ,51  ,200 ,200 ,200 ,200 ,200 ,200 ,200 ,200 ,200 ,42  ,200 ,200 ,200 ,200 ,200 ,110 ,200 ,6
// Knight (Peco)
13,	28000,150  ,500  ,300  ,40  ,49  ,45  ,52  ,55  ,60  ,50  ,55  ,45  ,50  ,200 ,200 ,200 ,200 ,200 ,200 ,200 ,200 ,200 ,200 ,200 ,200 ,200 ,200 ,5
// Crusader
14,	28000,110  ,700  ,470  ,40  ,48  ,43  ,55  ,53  ,52  ,50  ,55  ,45  ,50  ,200 ,200 ,200 ,200 ,200 ,200 ,200 ,200 ,200 ,200 ,200 ,200 ,200 ,200 ,5
// Monk
15,	26000,90   ,650  ,470  ,40  ,200 ,200 ,200 ,200 ,200 ,200 ,200 ,43  ,48  ,60  ,200 ,40  ,200 ,200 ,200 ,200 ,200 ,200 ,200 ,200 ,200 ,200 ,58  ,5
// Sage
16,	24000,75   ,500  ,700  ,45  ,53  ,60  ,200 ,200 ,200 ,200 ,200 ,200 ,200 ,55  ,200 ,200 ,200 ,200 ,43  ,200 ,200 ,200 ,200 ,200 ,200 ,200 ,55  ,5
// Rogue
17,	24000,85   ,500  ,500  ,40  ,45  ,50  ,200 ,200 ,200 ,200 ,200 ,200 ,200 ,200 ,50  ,200 ,200 ,200 ,200 ,200 ,200 ,200 ,200 ,200 ,200 ,200 ,200 ,5
// Alchemist
18,	30000,90   ,500  ,400  ,40  ,50  ,45  ,200 ,200 ,200 ,45  ,52  ,45  ,50  ,200 ,200 ,200 ,200 ,200 ,200 ,200 ,200 ,200 ,200 ,200 ,200 ,200 ,200 ,4
// Bard
19,	27000,75   ,300  ,600  ,40  ,53  ,200 ,200 ,200 ,200 ,200 ,200 ,200 ,200 ,200 ,48  ,200 ,45  ,200 ,200 ,200 ,200 ,200 ,200 ,200 ,200 ,200 ,200 ,7
// Dancer
20,	27000,75   ,300  ,600  ,40  ,53  ,200 ,200 ,200 ,200 ,200 ,200 ,200 ,200 ,200 ,48  ,200 ,200 ,45  ,200 ,200 ,200 ,200 ,200 ,200 ,200 ,200 ,200 ,7
// Crusader (Peco)
21,	28000,110  ,700  ,470  ,40  ,48  ,43  ,55  ,53  ,52  ,50  ,55  ,45  ,50  ,200 ,200 ,200 ,200 ,200 ,200 ,200 ,200 ,200 ,200 ,200 ,200 ,200 ,200 ,5
// Wedding
22,	20000,0    ,500  ,100  ,200 ,200 ,200 ,200 ,200 ,200 ,200 ,200 ,200 ,200 ,200 ,200 ,200 ,200 ,200 ,200 ,200 ,200 ,200 ,200 ,200 ,200 ,200 ,200 ,200
// Super Novice
23,	20000,0    ,500  ,100  ,40  ,55  ,57  ,200 ,200 ,200 ,50  ,200 ,50  ,55  ,65  ,200 ,200 ,200 ,200 ,200 ,200 ,200 ,200 ,200 ,200 ,200 ,200 ,65  ,10
// Gunslinger
24,	28000,90   ,650  ,469  ,54  ,200 ,200 ,200 ,200 ,200 ,200 ,200 ,200 ,200 ,200 ,200 ,200 ,200 ,200 ,200 ,200 ,49  ,59  ,54  ,94  ,104 ,200 ,200 ,6
// Ninja
25,	26000,75   ,500  ,540  ,40  ,43  ,200 ,200 ,200 ,200 ,200 ,200 ,200 ,200 ,200 ,200 ,200 ,200 ,200 ,200 ,200 ,200 ,200 ,200 ,200 ,200 ,55  ,200 ,6
// Novice High
4001,	20000,0    ,500  ,100  ,40  ,55  ,57  ,200 ,200 ,200 ,50  ,200 ,50  ,55  ,65  ,200 ,200 ,200 ,200 ,200 ,200 ,200 ,200 ,200 ,200 ,200 ,200 ,65  ,10
// Swordman High
4002,	28000,70   ,500  ,200  ,40  ,47  ,47  ,54  ,57  ,65  ,55  ,60  ,50  ,55  ,200 ,200 ,200 ,200 ,200 ,200 ,200 ,200 ,200 ,200 ,200 ,200 ,200 ,200 ,5
// Magician High
4003,	22000,30   ,500  ,600  ,50  ,50  ,200 ,200 ,200 ,200 ,200 ,200 ,200 ,200 ,55  ,200 ,200 ,200 ,200 ,200 ,200 ,200 ,200 ,200 ,200 ,200 ,200 ,55  ,10
// Archer High
4004,	26000,50   ,500  ,200  ,40  ,55  ,200 ,200 ,200 ,200 ,200 ,200 ,200 ,200 ,200 ,50  ,200 ,200 ,200 ,200 ,200 ,200 ,200 ,200 ,200 ,200 ,200 ,200 ,9
// Acolyte High
4005,	24000,40   ,500  ,500  ,40  ,200 ,200 ,200 ,200 ,200 ,200 ,200 ,45  ,50  ,60  ,200 ,200 ,200 ,200 ,200 ,200 ,200 ,200 ,200 ,200 ,200 ,200 ,60  ,7
// Merchant High
4006,	28000,40   ,500  ,300  ,40  ,52  ,52  ,200 ,200 ,200 ,48  ,55  ,50  ,55  ,200 ,200 ,200 ,200 ,200 ,200 ,200 ,200 ,200 ,200 ,200 ,200 ,200 ,200 ,5
// Thief High
4007,	24000,50   ,500  ,200  ,40  ,48  ,50  ,200 ,200 ,200 ,60  ,200 ,200 ,200 ,200 ,53  ,200 ,200 ,200 ,200 ,200 ,200 ,200 ,200 ,200 ,200 ,200 ,200 ,6
// Lord Knight
4008,	28000,150  ,500  ,300  ,40  ,49  ,45  ,52  ,55  ,60  ,50  ,55  ,45  ,50  ,200 ,200 ,200 ,200 ,200 ,200 ,200 ,200 ,200 ,200 ,200 ,200 ,200 ,200 ,5
// High Priest
4009,	26000,75   ,500  ,800  ,40  ,200 ,200 ,200 ,200 ,200 ,200 ,200 ,43  ,48  ,60  ,200 ,60  ,200 ,200 ,44  ,200 ,200 ,200 ,200 ,200 ,200 ,200 ,60  ,5
// High Wizard
4010,	24000,55   ,500  ,900  ,50  ,54  ,200 ,200 ,200 ,200 ,200 ,200 ,200 ,200 ,53  ,200 ,200 ,200 ,200 ,200 ,200 ,200 ,200 ,200 ,200 ,200 ,200 ,53  ,8
// Whitesmith
4011,	30000,90   ,500  ,400  ,40  ,50  ,50  ,200 ,200 ,200 ,46  ,53  ,48  ,53  ,200 ,200 ,200 ,200 ,200 ,200 ,200 ,200 ,200 ,200 ,200 ,200 ,200 ,200 ,5
// Sniper
4012,	27000,85   ,500  ,400  ,40  ,53  ,200 ,200 ,200 ,200 ,200 ,200 ,200 ,200 ,200 ,48  ,200 ,200 ,200 ,200 ,200 ,200 ,200 ,200 ,200 ,200 ,200 ,200 ,9
// Assassin Cross
4013,	24000,110  ,500  ,400  ,40  ,42  ,50  ,200 ,200 ,200 ,51  ,200 ,200 ,200 ,200 ,200 ,200 ,200 ,200 ,200 ,42  ,200 ,200 ,200 ,200 ,200 ,110 ,200 ,6
// Lord Knight (Peco)
4014,	28000,150  ,500  ,300  ,40  ,49  ,45  ,52  ,55  ,60  ,50  ,55  ,45  ,50  ,200 ,200 ,200 ,200 ,200 ,200 ,200 ,200 ,200 ,200 ,200 ,200 ,200 ,200 ,5
// Paladin
4015,	28000,110  ,700  ,470  ,40  ,48  ,43  ,55  ,53  ,52  ,50  ,55  ,45  ,50  ,200 ,200 ,200 ,200 ,200 ,200 ,200 ,200 ,200 ,200 ,200 ,200 ,200 ,200 ,5
// Champion
4016,	26000,90   ,650  ,470  ,40  ,200 ,200 ,200 ,200 ,200 ,200 ,200 ,43  ,48  ,60  ,200 ,40  ,200 ,200 ,200 ,200 ,200 ,200 ,200 ,200 ,200 ,200 ,58  ,5
// Professor
4017,	24000,75   ,500  ,700  ,45  ,53  ,60  ,200 ,200 ,200 ,200 ,200 ,200 ,200 ,55  ,200 ,200 ,200 ,200 ,43  ,200 ,200 ,200 ,200 ,200 ,200 ,200 ,55  ,5
// Stalker
4018,	24000,85   ,500  ,500  ,40  ,45  ,50  ,200 ,200 ,200 ,200 ,200 ,200 ,200 ,200 ,50  ,200 ,200 ,200 ,200 ,200 ,200 ,200 ,200 ,200 ,200 ,200 ,200 ,5
// Creator
4019,	30000,90   ,500  ,400  ,40  ,50  ,45  ,200 ,200 ,200 ,45  ,52  ,45  ,50  ,200 ,200 ,200 ,200 ,200 ,200 ,200 ,200 ,200 ,200 ,200 ,200 ,200 ,200 ,4
// Clown
4020,	27000,75   ,300  ,600  ,40  ,53  ,200 ,200 ,200 ,200 ,200 ,200 ,200 ,200 ,200 ,48  ,200 ,45  ,200 ,200 ,200 ,200 ,200 ,200 ,200 ,200 ,200 ,200 ,7
// Gypsy
4021,	27000,75   ,300  ,600  ,40  ,53  ,200 ,200 ,200 ,200 ,200 ,200 ,200 ,200 ,200 ,48  ,200 ,200 ,45  ,200 ,200 ,200 ,200 ,200 ,200 ,200 ,200 ,200 ,7
// Paladin (Peco)
4022,	28000,110  ,700  ,470  ,40  ,48  ,43  ,55  ,53  ,52  ,50  ,55  ,45  ,50  ,200 ,200 ,200 ,200 ,200 ,200 ,200 ,200 ,200 ,200 ,200 ,200 ,200 ,200 ,5
// Baby Novice
4023,	20000,0    ,500  ,100  ,40  ,55  ,57  ,200 ,200 ,200 ,50  ,200 ,50  ,55  ,65  ,200 ,200 ,200 ,200 ,200 ,200 ,200 ,200 ,200 ,200 ,200 ,200 ,65  ,10
// Baby Swordman
4024,	28000,70   ,500  ,200  ,40  ,47  ,47  ,54  ,57  ,65  ,55  ,60  ,50  ,55  ,200 ,200 ,200 ,200 ,200 ,200 ,200 ,200 ,200 ,200 ,200 ,200 ,200 ,200 ,5
// Baby Magician
4025,	22000,30   ,500  ,600  ,50  ,50  ,200 ,200 ,200 ,200 ,200 ,200 ,200 ,200 ,55  ,200 ,200 ,200 ,200 ,200 ,200 ,200 ,200 ,200 ,200 ,200 ,200 ,55  ,10
// Baby Archer
4026,	26000,50   ,500  ,200  ,40  ,55  ,200 ,200 ,200 ,200 ,200 ,200 ,200 ,200 ,200 ,50  ,200 ,200 ,200 ,200 ,200 ,200 ,200 ,200 ,200 ,200 ,200 ,200 ,9
// Baby Acolyte
4027,	24000,40   ,500  ,500  ,40  ,200 ,200 ,200 ,200 ,200 ,200 ,200 ,45  ,50  ,60  ,200 ,200 ,200 ,200 ,200 ,200 ,200 ,200 ,200 ,200 ,200 ,200 ,60  ,7
// Baby Merchant
4028,	28000,40   ,500  ,300  ,40  ,52  ,52  ,200 ,200 ,200 ,48  ,55  ,50  ,55  ,200 ,200 ,200 ,200 ,200 ,200 ,200 ,200 ,200 ,200 ,200 ,200 ,200 ,200 ,5
// Baby Thief
4029,	24000,50   ,500  ,200  ,40  ,48  ,50  ,200 ,200 ,200 ,60  ,200 ,200 ,200 ,200 ,53  ,200 ,200 ,200 ,200 ,200 ,200 ,200 ,200 ,200 ,200 ,200 ,200 ,6
// Baby Knight
4030,	28000,150  ,500  ,300  ,40  ,49  ,45  ,52  ,55  ,60  ,50  ,55  ,45  ,50  ,200 ,200 ,200 ,200 ,200 ,200 ,200 ,200 ,200 ,200 ,200 ,200 ,200 ,200 ,5
// Baby Priest
4031,	26000,75   ,500  ,800  ,40  ,200 ,200 ,200 ,200 ,200 ,200 ,200 ,43  ,48  ,60  ,200 ,60  ,200 ,200 ,44  ,200 ,200 ,200 ,200 ,200 ,200 ,200 ,60  ,5
// Baby Wizard
4032,	24000,55   ,500  ,900  ,50  ,54  ,200 ,200 ,200 ,200 ,200 ,200 ,200 ,200 ,53  ,200 ,200 ,200 ,200 ,200 ,200 ,200 ,200 ,200 ,200 ,200 ,200 ,53  ,8
// Baby Blacksmith
4033,	30000,90   ,500  ,400  ,40  ,50  ,50  ,200 ,200 ,200 ,46  ,53  ,48  ,53  ,200 ,200 ,200 ,200 ,200 ,200 ,200 ,200 ,200 ,200 ,200 ,200 ,200 ,200 ,5
// Baby Hunter
4034,	27000,85   ,500  ,400  ,40  ,53  ,200 ,200 ,200 ,200 ,200 ,200 ,200 ,200 ,200 ,48  ,200 ,200 ,200 ,200 ,200 ,200 ,200 ,200 ,200 ,200 ,200 ,200 ,9
// Baby Assassin
4035,	24000,110  ,500  ,400  ,40  ,42  ,50  ,200 ,200 ,200 ,51  ,200 ,200 ,200 ,200 ,200 ,200 ,200 ,200 ,200 ,42  ,200 ,200 ,200 ,200 ,200 ,110 ,200 ,6
// Baby Knight (Peco)
4036,	28000,150  ,500  ,300  ,40  ,49  ,45  ,52  ,55  ,60  ,50  ,55  ,45  ,50  ,200 ,200 ,200 ,200 ,200 ,200 ,200 ,200 ,200 ,200 ,200 ,200 ,200 ,200 ,5
// Baby Crusader
4037,	28000,110  ,700  ,470  ,40  ,48  ,43  ,55  ,53  ,52  ,50  ,55  ,45  ,50  ,200 ,200 ,200 ,200 ,200 ,200 ,200 ,200 ,200 ,200 ,200 ,200 ,200 ,200 ,5
// Baby Monk
4038,	26000,90   ,650  ,470  ,40  ,200 ,200 ,200 ,200 ,200 ,200 ,200 ,43  ,48  ,60  ,200 ,40  ,200 ,200 ,200 ,200 ,200 ,200 ,200 ,200 ,200 ,200 ,58  ,5
// Baby Sage
4039,	24000,75   ,500  ,700  ,45  ,53  ,60  ,200 ,200 ,200 ,200 ,200 ,200 ,200 ,55  ,200 ,200 ,200 ,200 ,43  ,200 ,200 ,200 ,200 ,200 ,200 ,200 ,55  ,5
// Baby Rogue
4040,	24000,85   ,500  ,500  ,40  ,45  ,50  ,200 ,200 ,200 ,200 ,200 ,200 ,200 ,200 ,50  ,200 ,200 ,200 ,200 ,200 ,200 ,200 ,200 ,200 ,200 ,200 ,200 ,5
// Baby Alchemist
4041,	30000,90   ,500  ,400  ,40  ,50  ,45  ,200 ,200 ,200 ,45  ,52  ,45  ,50  ,200 ,200 ,200 ,200 ,200 ,200 ,200 ,200 ,200 ,200 ,200 ,200 ,200 ,200 ,4
// Baby Bard
4042,	27000,75   ,300  ,600  ,40  ,53  ,200 ,200 ,200 ,200 ,200 ,200 ,200 ,200 ,200 ,48  ,200 ,45  ,200 ,200 ,200 ,200 ,200 ,200 ,200 ,200 ,200 ,200 ,7
// Baby Dancer
4043,	27000,75   ,300  ,600  ,40  ,53  ,200 ,200 ,200 ,200 ,200 ,200 ,200 ,200 ,200 ,48  ,200 ,200 ,45  ,200 ,200 ,200 ,200 ,200 ,200 ,200 ,200 ,200 ,7
// Baby Crusader (Peco)
4044,	28000,110  ,700  ,470  ,40  ,48  ,43  ,55  ,53  ,52  ,50  ,55  ,45  ,50  ,200 ,200 ,200 ,200 ,200 ,200 ,200 ,200 ,200 ,200 ,200 ,200 ,200 ,200 ,5
// Baby Super Novice
4045,	20000,0    ,500  ,100  ,40  ,55  ,57  ,200 ,200 ,200 ,50  ,200 ,50  ,55  ,65  ,200 ,200 ,200 ,200 ,200 ,200 ,200 ,200 ,200 ,200 ,200 ,200 ,65  ,10
// Taekwon
4046,	28000,70   ,500  ,200  ,40  ,50  ,50  ,50  ,50  ,50  ,50  ,50  ,50  ,50  ,50  ,50  ,50  ,50  ,50  ,50  ,50  ,50  ,50  ,50  ,50  ,50  ,50  ,50  ,6
// Star Gladiator
4047,	28000,90   ,650  ,470  ,40  ,50  ,50  ,50  ,50  ,50  ,50  ,50  ,50  ,50  ,50  ,50  ,50  ,50  ,50  ,50  ,50  ,50  ,50  ,50  ,50  ,50  ,50  ,50  ,6
// Star Gladiator (flying)
4048,	28000,90   ,650  ,470  ,40  ,50  ,50  ,50  ,50  ,50  ,50  ,50  ,50  ,50  ,50  ,50  ,50  ,50  ,50  ,50  ,50  ,50  ,50  ,50  ,50  ,50  ,50  ,50  ,6
// Soul Linker
4049,	24000,75   ,500  ,900  ,50  ,50  ,200 ,200 ,200 ,200 ,200 ,200 ,200 ,200 ,53  ,200 ,200 ,200 ,200 ,200 ,200 ,200 ,200 ,200 ,200 ,200 ,200 ,55  ,8
// Gangsi (Bongun/Munak)
4050,	24000,65   ,500  ,300  ,40  ,55  ,55  ,55  ,55  ,55  ,55  ,55  ,55  ,55  ,55  ,55  ,55  ,55  ,55  ,55  ,55  ,55  ,55  ,55  ,55  ,55  ,55  ,55  ,0
// Death Knight
4051,	28000,150  ,500  ,300  ,40  ,55  ,55  ,55  ,55  ,55  ,55  ,55  ,55  ,55  ,55  ,55  ,55  ,55  ,55  ,55  ,55  ,55  ,55  ,55  ,55  ,55  ,55  ,55  ,0
// Dark Collector
4052,	24000,75   ,500  ,700  ,40  ,55  ,55  ,55  ,55  ,55  ,55  ,55  ,55  ,55  ,55  ,55  ,55  ,55  ,55  ,55  ,55  ,55  ,55  ,55  ,55  ,55  ,55  ,55  ,0
// Rune Knight (Regular)
4054,	35000,150  ,500  ,300  ,40  ,50  ,52  ,55  ,60  ,58  ,48  ,52  ,45  ,52  ,200 ,200 ,200 ,200 ,200 ,200 ,200 ,200 ,200 ,200 ,200 ,200 ,200 ,200 ,5
// Warlock (Regular)
4055,	30000,55   ,500  ,900  ,45  ,52  ,60  ,200 ,200 ,200 ,200 ,200 ,200 ,200 ,50  ,200 ,200 ,200 ,200 ,200 ,200 ,200 ,200 ,200 ,200 ,200 ,200 ,56  ,5
// Ranger (Regular)
4056,	32000,85   ,500  ,400  ,40  ,50  ,200 ,200 ,200 ,200 ,200 ,200 ,200 ,200 ,200 ,49  ,200 ,200 ,200 ,200 ,200 ,200 ,200 ,200 ,200 ,200 ,200 ,200 ,8
// Arch Bishop (Regular)
4057,	30000,75   ,500  ,800  ,45  ,200 ,200 ,200 ,200 ,200 ,200 ,200 ,45  ,45  ,60  ,200 ,50  ,200 ,200 ,44  ,200 ,200 ,200 ,200 ,200 ,200 ,200 ,55  ,5
// Mechanic (Regular)
4058,	38000,90   ,500  ,400  ,40  ,60  ,65  ,200 ,200 ,200 ,45  ,48  ,48  ,50  ,200 ,200 ,200 ,200 ,200 ,200 ,200 ,200 ,200 ,200 ,200 ,200 ,200 ,200 ,6
// Guillotine Cross (Regular)
4059,	32000,110  ,500  ,400  ,40  ,42  ,65  ,200 ,200 ,200 ,80  ,200 ,200 ,200 ,200 ,200 ,200 ,200 ,200 ,200 ,42  ,200 ,95  ,120 ,90  ,100 ,110 ,200 ,9
// Rune Knight (Trans)
4060,	35000,150  ,500  ,300  ,40  ,50  ,52  ,55  ,60  ,58  ,48  ,52  ,45  ,52  ,200 ,200 ,200 ,200 ,200 ,200 ,200 ,200 ,200 ,200 ,200 ,200 ,200 ,200 ,5
// Warlock (Trans)
4061,	30000,55   ,500  ,900  ,45  ,52  ,60  ,200 ,200 ,200 ,200 ,200 ,200 ,200 ,50  ,200 ,200 ,200 ,200 ,200 ,200 ,200 ,200 ,200 ,200 ,200 ,200 ,56  ,5
// Ranger (Trans)
4062,	32000,85   ,500  ,400  ,40  ,50  ,200 ,200 ,200 ,200 ,200 ,200 ,200 ,200 ,200 ,49  ,200 ,200 ,200 ,200 ,200 ,200 ,200 ,200 ,200 ,200 ,200 ,200 ,8
// Arch Bishop (Trans)
4063,	30000,75   ,500  ,800  ,45  ,200 ,200 ,200 ,200 ,200 ,200 ,200 ,45  ,45  ,60  ,200 ,50  ,200 ,200 ,44  ,200 ,200 ,200 ,200 ,200 ,200 ,200 ,55  ,5
// Mechanic (Trans)
4064,	38000,90   ,500  ,400  ,40  ,60  ,65  ,200 ,200 ,200 ,45  ,48  ,48  ,50  ,200 ,200 ,200 ,200 ,200 ,200 ,200 ,200 ,200 ,200 ,200 ,200 ,200 ,200 ,6
// Guillotine Cross (Trans)
4065,	32000,110  ,500  ,400  ,40  ,42  ,65  ,200 ,200 ,200 ,80  ,200 ,200 ,200 ,200 ,200 ,200 ,200 ,200 ,200 ,42  ,200 ,95  ,120 ,90  ,100 ,110 ,200 ,9
// Royal Guard (Regular)
4066,	35000,110  ,700  ,400  ,40  ,47  ,45  ,53  ,50  ,50  ,48  ,52  ,44  ,50  ,200 ,200 ,200 ,200 ,200 ,200 ,200 ,200 ,200 ,200 ,200 ,200 ,200 ,200 ,5
// Sorcerer (Regular)
4067,	30000,75   ,500  ,900  ,40  ,50  ,50  ,200 ,200 ,200 ,200 ,200 ,200 ,200 ,45  ,200 ,200 ,200 ,200 ,45  ,200 ,200 ,200 ,200 ,200 ,200 ,200 ,55  ,5
// Minstrel (Regular)
4068,	32000,75   ,300  ,400  ,40  ,52  ,200 ,200 ,200 ,200 ,200 ,200 ,200 ,200 ,200 ,49  ,200 ,44  ,200 ,200 ,200 ,200 ,200 ,200 ,200 ,200 ,200 ,200 ,7
// Wanderer (Regular)
4069,	32000,75   ,300  ,400  ,40  ,52  ,200 ,200 ,200 ,200 ,200 ,200 ,200 ,200 ,200 ,49  ,200 ,200 ,44  ,200 ,200 ,200 ,200 ,200 ,200 ,200 ,200 ,200 ,7
// Sura (Regular)
4070,	30000,90   ,650  ,400  ,38  ,200 ,200 ,200 ,200 ,200 ,200 ,200 ,43  ,45  ,48  ,200 ,39  ,200 ,200 ,200 ,200 ,200 ,200 ,200 ,200 ,200 ,200 ,50  ,5
// Genetic (Regular)
4071,	32000,90   ,500  ,900  ,40  ,50  ,44  ,200 ,200 ,200 ,48  ,51  ,44  ,48  ,200 ,200 ,200 ,200 ,200 ,200 ,200 ,200 ,200 ,200 ,200 ,200 ,200 ,200 ,4
// Shadow Chaser (Regular)
4072,	28000,85   ,500  ,400  ,40  ,43  ,47  ,200 ,200 ,200 ,200 ,200 ,200 ,200 ,200 ,47  ,200 ,200 ,200 ,200 ,200 ,200 ,200 ,200 ,200 ,200 ,200 ,200 ,4
// Royal Guard (Trans)
4073,	35000,110  ,700  ,400  ,40  ,47  ,45  ,53  ,50  ,50  ,48  ,52  ,44  ,50  ,200 ,200 ,200 ,200 ,200 ,200 ,200 ,200 ,200 ,200 ,200 ,200 ,200 ,200 ,5
// Sorcerer (Trans)
4074,	30000,75   ,500  ,900  ,40  ,50  ,50  ,200 ,200 ,200 ,200 ,200 ,200 ,200 ,45  ,200 ,200 ,200 ,200 ,45  ,200 ,200 ,200 ,200 ,200 ,200 ,200 ,55  ,5
// Minstrel (Trans)
4075,	32000,75   ,300  ,400  ,40  ,52  ,200 ,200 ,200 ,200 ,200 ,200 ,200 ,200 ,200 ,49  ,200 ,44  ,200 ,200 ,200 ,200 ,200 ,200 ,200 ,200 ,200 ,200 ,7
// Wanderer (Trans)
4076,	32000,75   ,300  ,400  ,40  ,52  ,200 ,200 ,200 ,200 ,200 ,200 ,200 ,200 ,200 ,49  ,200 ,200 ,44  ,200 ,200 ,200 ,200 ,200 ,200 ,200 ,200 ,200 ,7
// Sura (Trans)
4077,	30000,90   ,650  ,400  ,38  ,200 ,200 ,200 ,200 ,200 ,200 ,200 ,43  ,45  ,48  ,200 ,39  ,200 ,200 ,200 ,200 ,200 ,200 ,200 ,200 ,200 ,200 ,50  ,5
// Genetic (Trans)
4078,	32000,90   ,500  ,900  ,40  ,50  ,44  ,200 ,200 ,200 ,48  ,51  ,44  ,48  ,200 ,200 ,200 ,200 ,200 ,200 ,200 ,200 ,200 ,200 ,200 ,200 ,200 ,200 ,4
// Shadow Chaser (Trans)
4079,	28000,85   ,500  ,400  ,40  ,43  ,47  ,200 ,200 ,200 ,200 ,200 ,200 ,200 ,200 ,47  ,200 ,200 ,200 ,200 ,200 ,200 ,200 ,200 ,200 ,200 ,200 ,200 ,4
// Rune Knight (Dragon) (Regular)
4080,	35000,150  ,500  ,300  ,40  ,50  ,52  ,55  ,60  ,58  ,48  ,52  ,45  ,52  ,200 ,200 ,200 ,200 ,200 ,200 ,200 ,200 ,200 ,200 ,200 ,200 ,200 ,200 ,5
// Rune Knight (Dragon) (Trans)
4081,	35000,150  ,500  ,300  ,40  ,50  ,52  ,55  ,60  ,58  ,48  ,52  ,45  ,52  ,200 ,200 ,200 ,200 ,200 ,200 ,200 ,200 ,200 ,200 ,200 ,200 ,200 ,200 ,5
// Royal Guard (Gryphon) (Regular)
4082,	35000,110  ,700  ,400  ,40  ,47  ,45  ,53  ,50  ,50  ,48  ,52  ,44  ,50  ,200 ,200 ,200 ,200 ,200 ,200 ,200 ,200 ,200 ,200 ,200 ,200 ,200 ,200 ,5
// Royal Guard (Gryphon) (Trans)
4083,	35000,110  ,700  ,400  ,40  ,47  ,45  ,53  ,50  ,50  ,48  ,52  ,44  ,50  ,200 ,200 ,200 ,200 ,200 ,200 ,200 ,200 ,200 ,200 ,200 ,200 ,200 ,200 ,5
// Ranger (Warg) (Regular)
4084,	32000,85   ,500  ,400  ,40  ,50  ,200 ,200 ,200 ,200 ,200 ,200 ,200 ,200 ,200 ,49  ,200 ,200 ,200 ,200 ,200 ,200 ,200 ,200 ,200 ,200 ,200 ,200 ,8
// Ranger (Warg) (Trans)
4085,	32000,85   ,500  ,400  ,40  ,50  ,200 ,200 ,200 ,200 ,200 ,200 ,200 ,200 ,200 ,49  ,200 ,200 ,200 ,200 ,200 ,200 ,200 ,200 ,200 ,200 ,200 ,200 ,8
// Mechanic (Mado) (Regular)
4086,	38000,90   ,500  ,400  ,40  ,60  ,65  ,200 ,200 ,200 ,45  ,48  ,48  ,50  ,200 ,200 ,200 ,200 ,200 ,200 ,200 ,200 ,200 ,200 ,200 ,200 ,200 ,200 ,6
// Mechanic (Mado) (Trans)
4087,	38000,90   ,500  ,400  ,40  ,60  ,65  ,200 ,200 ,200 ,45  ,48  ,48  ,50  ,200 ,200 ,200 ,200 ,200 ,200 ,200 ,200 ,200 ,200 ,200 ,200 ,200 ,200 ,6
// Baby Rune Knight
4096,	28000,150  ,500  ,300  ,40  ,50  ,52  ,55  ,60  ,58  ,48  ,52  ,45  ,52  ,200 ,200 ,200 ,200 ,200 ,200 ,200 ,200 ,200 ,200 ,200 ,200 ,200 ,200 ,5
// Baby Warlock
4097,	24000,55   ,500  ,900  ,45  ,52  ,60  ,200 ,200 ,200 ,200 ,200 ,200 ,200 ,50  ,200 ,200 ,200 ,200 ,200 ,200 ,200 ,200 ,200 ,200 ,200 ,200 ,56  ,5
// Baby Ranger
4098,	27000,85   ,500  ,400  ,40  ,50  ,200 ,200 ,200 ,200 ,200 ,200 ,200 ,200 ,200 ,49  ,200 ,200 ,200 ,200 ,200 ,200 ,200 ,200 ,200 ,200 ,200 ,200 ,8
// Baby Arch Bishop
4099,	26000,75   ,500  ,800  ,45  ,200 ,200 ,200 ,200 ,200 ,200 ,200 ,45  ,45  ,60  ,200 ,50  ,200 ,200 ,44  ,200 ,200 ,200 ,200 ,200 ,200 ,200 ,55  ,5
// Baby Mechanic
4100,	30000,90   ,500  ,400  ,40  ,60  ,65  ,200 ,200 ,200 ,45  ,48  ,48  ,50  ,200 ,200 ,200 ,200 ,200 ,200 ,200 ,200 ,200 ,200 ,200 ,200 ,200 ,200 ,6
// Baby Guillotine Cross
4101,	24000,110  ,500  ,400  ,40  ,42  ,65  ,200 ,200 ,200 ,80  ,200 ,200 ,200 ,200 ,200 ,200 ,200 ,200 ,200 ,42  ,200 ,95  ,120 ,90  ,100 ,110 ,200 ,9
// Baby Royal Guard
4102,	28000,110  ,700  ,400  ,40  ,47  ,45  ,53  ,50  ,50  ,48  ,52  ,44  ,50  ,200 ,200 ,200 ,200 ,200 ,200 ,200 ,200 ,200 ,200 ,200 ,200 ,200 ,200 ,5
// Baby Sorcerer
4103,	24000,75   ,500  ,900  ,40  ,50  ,50  ,200 ,200 ,200 ,200 ,200 ,200 ,200 ,45  ,200 ,200 ,200 ,200 ,45  ,200 ,200 ,200 ,200 ,200 ,200 ,200 ,55  ,5
// Baby Minstrel
4104,	27000,75   ,300  ,400  ,40  ,52  ,200 ,200 ,200 ,200 ,200 ,200 ,200 ,200 ,200 ,49  ,200 ,44  ,200 ,200 ,200 ,200 ,200 ,200 ,200 ,200 ,200 ,200 ,7
// Baby Wanderer
4105,	27000,75   ,300  ,400  ,40  ,52  ,200 ,200 ,200 ,200 ,200 ,200 ,200 ,200 ,200 ,49  ,200 ,200 ,44  ,200 ,200 ,200 ,200 ,200 ,200 ,200 ,200 ,200 ,7
// Baby Sura
4106,	26000,90   ,650  ,400  ,38  ,200 ,200 ,200 ,200 ,200 ,200 ,200 ,43  ,45  ,48  ,200 ,39  ,200 ,200 ,200 ,200 ,200 ,200 ,200 ,200 ,200 ,200 ,50  ,5
// Baby Genetic
4107,	30000,90   ,500  ,900  ,40  ,50  ,44  ,200 ,200 ,200 ,48  ,51  ,44  ,48  ,200 ,200 ,200 ,200 ,200 ,200 ,200 ,200 ,200 ,200 ,200 ,200 ,200 ,200 ,4
// Baby Shadow Chaser
4108,	24000,85   ,500  ,400  ,40  ,43  ,47  ,200 ,200 ,200 ,200 ,200 ,200 ,200 ,200 ,47  ,200 ,200 ,200 ,200 ,200 ,200 ,200 ,200 ,200 ,200 ,200 ,200 ,4
// Baby Rune Knight (Dragon)
4109,	28000,150  ,500  ,300  ,40  ,50  ,52  ,55  ,60  ,58  ,48  ,52  ,45  ,52  ,200 ,200 ,200 ,200 ,200 ,200 ,200 ,200 ,200 ,200 ,200 ,200 ,200 ,200 ,5
// Baby Royal Guard (Gryphon)
4110,	28000,110  ,700  ,400  ,40  ,47  ,45  ,53  ,50  ,50  ,48  ,52  ,44  ,50  ,200 ,200 ,200 ,200 ,200 ,200 ,200 ,200 ,200 ,200 ,200 ,200 ,200 ,200 ,5
// Baby Ranger (Warg)
4111,	27000,85   ,500  ,400  ,40  ,50  ,200 ,200 ,200 ,200 ,200 ,200 ,200 ,200 ,200 ,49  ,200 ,200 ,200 ,200 ,200 ,200 ,200 ,200 ,200 ,200 ,200 ,200 ,8
// Baby Mechanic (Mado)
4112,	30000,90   ,500  ,400  ,40  ,60  ,65  ,200 ,200 ,200 ,45  ,48  ,48  ,50  ,200 ,200 ,200 ,200 ,200 ,200 ,200 ,200 ,200 ,200 ,200 ,200 ,200 ,200 ,6
// Super Novice (Expanded)
4190,	20000,0    ,5000 ,500  ,40  ,55  ,57  ,200 ,200 ,200 ,50  ,200 ,50  ,55  ,65  ,200 ,200 ,200 ,200 ,200 ,200 ,200 ,200 ,200 ,200 ,200 ,200 ,65  ,10
// Super Baby (Expanded)
4191,	20000,0    ,500  ,100  ,40  ,55  ,57  ,200 ,200 ,200 ,50  ,200 ,50  ,55  ,65  ,200 ,200 ,200 ,200 ,200 ,200 ,200 ,200 ,200 ,200 ,200 ,200 ,65  ,10
// Kagerou
4211,	26000,75   ,500  ,540  ,40  ,45  ,200 ,200 ,200 ,200 ,200 ,200 ,200 ,200 ,200 ,200 ,200 ,200 ,200 ,200 ,200 ,200 ,200 ,200 ,200 ,200 ,50  ,200 ,3
// Oboro
4212,	26000,75   ,500  ,540  ,40  ,45  ,200 ,200 ,200 ,200 ,200 ,200 ,200 ,200 ,200 ,200 ,200 ,200 ,200 ,200 ,200 ,200 ,200 ,200 ,200 ,200 ,50  ,200 ,3
// Rebellion
4215,	28000,90   ,650  ,469  ,54  ,200 ,200 ,200 ,200 ,200 ,200 ,200 ,200 ,200 ,200 ,200 ,200 ,200 ,200 ,200 ,200 ,49  ,59  ,54  ,94  ,104 ,200 ,200 ,6
// Summoner
4218,	20000,70   ,500  ,500  ,40  ,200 ,200 ,200 ,200 ,200 ,200 ,200 ,200 ,200 ,60  ,200 ,200 ,200 ,200 ,200 ,200 ,200 ,200 ,200 ,200 ,200 ,200 ,200 ,7
// Baby Summoner
4220,	20000,100  ,700  ,200  ,40  ,200 ,200 ,200 ,200 ,200 ,200 ,200 ,200 ,200 ,60  ,200 ,200 ,200 ,200 ,200 ,200 ,200 ,200 ,200 ,200 ,200 ,200 ,200 ,7
// Baby Ninja
4222,	26000,75   ,500  ,540  ,40  ,43  ,200 ,200 ,200 ,200 ,200 ,200 ,200 ,200 ,200 ,200 ,200 ,200 ,200 ,200 ,200 ,200 ,200 ,200 ,200 ,200 ,55  ,200 ,6
// Baby Kagerou
4223,	26000,75   ,500  ,540  ,40  ,45  ,200 ,200 ,200 ,200 ,200 ,200 ,200 ,200 ,200 ,200 ,200 ,200 ,200 ,200 ,200 ,200 ,200 ,200 ,200 ,200 ,50  ,200 ,3
// Baby Oboro
4224,	26000,75   ,500  ,540  ,40  ,45  ,200 ,200 ,200 ,200 ,200 ,200 ,200 ,200 ,200 ,200 ,200 ,200 ,200 ,200 ,200 ,200 ,200 ,200 ,200 ,200 ,50  ,200 ,3
// Baby Taekwon
4225,	28000,70   ,500  ,200  ,40  ,50  ,50  ,50  ,50  ,50  ,50  ,50  ,50  ,50  ,50  ,50  ,50  ,50  ,50  ,50  ,50  ,50  ,50  ,50  ,50  ,50  ,50  ,50  ,6
// Baby Star Gladiator
4226,	28000,90   ,650  ,470  ,40  ,50  ,50  ,50  ,50  ,50  ,50  ,50  ,50  ,50  ,50  ,50  ,50  ,50  ,50  ,50  ,50  ,50  ,50  ,50  ,50  ,50  ,50  ,50  ,6
// Baby Soul Linker
4227,	24000,75   ,500  ,900  ,50  ,50  ,200 ,200 ,200 ,200 ,200 ,200 ,200 ,200 ,53  ,200 ,200 ,200 ,200 ,200 ,200 ,200 ,200 ,200 ,200 ,200 ,200 ,55  ,8
// Baby Gunslinger
4228,	28000,90   ,650  ,469  ,54  ,200 ,200 ,200 ,200 ,200 ,200 ,200 ,200 ,200 ,200 ,200 ,200 ,200 ,200 ,200 ,200 ,49  ,59  ,54  ,94  ,104 ,200 ,200 ,6
// Baby Rebellion
4229,	28000,90   ,650  ,469  ,54  ,200 ,200 ,200 ,200 ,200 ,200 ,200 ,200 ,200 ,200 ,200 ,200 ,200 ,200 ,200 ,200 ,49  ,59  ,54  ,94  ,104 ,200 ,200 ,6
// Baby Star Gladiator (Union)
4238,	28000,90   ,650  ,470  ,40  ,50  ,50  ,50  ,50  ,50  ,50  ,50  ,50  ,50  ,50  ,50  ,50  ,50  ,50  ,50  ,50  ,50  ,50  ,50  ,50  ,50  ,50  ,50  ,6
// Star Emperor
4239,	28000,90   ,650  ,470  ,40  ,50  ,50  ,50  ,50  ,50  ,50  ,50  ,50  ,50  ,50  ,50  ,50  ,50  ,50  ,50  ,50  ,50  ,50  ,50  ,50  ,50  ,50  ,50  ,6
// Soul Reaper
4240,	24000,75   ,500  ,900  ,50  ,50  ,200 ,200 ,200 ,200 ,200 ,200 ,200 ,200 ,53  ,200 ,200 ,200 ,200 ,200 ,200 ,200 ,200 ,200 ,200 ,200 ,200 ,55  ,8
// Baby Star Emperor
4241,	28000,90   ,650  ,470  ,40  ,50  ,50  ,50  ,50  ,50  ,50  ,50  ,50  ,50  ,50  ,50  ,50  ,50  ,50  ,50  ,50  ,50  ,50  ,50  ,50  ,50  ,50  ,50  ,6
// Baby Soul Reaper
4242,	24000,75   ,500  ,900  ,50  ,50  ,200 ,200 ,200 ,200 ,200 ,200 ,200 ,200 ,53  ,200 ,200 ,200 ,200 ,200 ,200 ,200 ,200 ,200 ,200 ,200 ,200 ,55  ,8
// Star Emperor (Union)
4243,	28000,90   ,650  ,470  ,40  ,50  ,50  ,50  ,50  ,50  ,50  ,50  ,50  ,50  ,50  ,50  ,50  ,50  ,50  ,50  ,50  ,50  ,50  ,50  ,50  ,50  ,50  ,50  ,6
// Baby Star Emperor (Union)
4244,	28000,90   ,650  ,470  ,40  ,50  ,50  ,50  ,50  ,50  ,50  ,50  ,50  ,50  ,50  ,50  ,50  ,50  ,50  ,50  ,50  ,50  ,50  ,50  ,50  ,50  ,50  ,50  ,6
//================================
// 4th Jobs
// Note: All 4th jobs are currently using the values of their previous jobs since the official ones are unknown.
// This will be updated as more info comes in.
//================================
// Dragon Knight
4252,	35000,150  ,500  ,300  ,40  ,50  ,52  ,55  ,60  ,58  ,48  ,52  ,45  ,52  ,200 ,200 ,200 ,200 ,200 ,200 ,200 ,200 ,200 ,200 ,200 ,200 ,200 ,200 ,5
// Meister
4253,	38000,90   ,500  ,400  ,40  ,60  ,65  ,200 ,200 ,200 ,45  ,48  ,48  ,50  ,200 ,200 ,200 ,200 ,200 ,200 ,200 ,200 ,200 ,200 ,200 ,200 ,200 ,200 ,6
// Shadow Cross
4254,	32000,110  ,500  ,400  ,40  ,42  ,65  ,200 ,200 ,200 ,80  ,200 ,200 ,200 ,200 ,200 ,200 ,200 ,200 ,200 ,42  ,200 ,95  ,120 ,90  ,100 ,110 ,200 ,9
// Arch Mage
4255,	30000,55   ,500  ,900  ,45  ,52  ,60  ,200 ,200 ,200 ,200 ,200 ,200 ,200 ,50  ,200 ,200 ,200 ,200 ,200 ,200 ,200 ,200 ,200 ,200 ,200 ,200 ,56  ,5
// Cardinal
4256,	30000,75   ,500  ,800  ,45  ,200 ,200 ,200 ,200 ,200 ,200 ,200 ,45  ,45  ,60  ,200 ,50  ,200 ,200 ,44  ,200 ,200 ,200 ,200 ,200 ,200 ,200 ,55  ,5
// Windhawk
4257,	32000,85   ,500  ,400  ,40  ,50  ,200 ,200 ,200 ,200 ,200 ,200 ,200 ,200 ,200 ,49  ,200 ,200 ,200 ,200 ,200 ,200 ,200 ,200 ,200 ,200 ,200 ,200 ,8
// Imperial Guard
4258,	35000,110  ,700  ,400  ,40  ,47  ,45  ,53  ,50  ,50  ,48  ,52  ,44  ,50  ,200 ,200 ,200 ,200 ,200 ,200 ,200 ,200 ,200 ,200 ,200 ,200 ,200 ,200 ,5
// Biolo
4259,	32000,90   ,500  ,900  ,40  ,50  ,44  ,200 ,200 ,200 ,48  ,51  ,44  ,48  ,200 ,200 ,200 ,200 ,200 ,200 ,200 ,200 ,200 ,200 ,200 ,200 ,200 ,200 ,4
// Abyss Chaser
4260,	28000,85   ,500  ,400  ,40  ,43  ,47  ,200 ,200 ,200 ,200 ,200 ,200 ,200 ,200 ,47  ,200 ,200 ,200 ,200 ,200 ,200 ,200 ,200 ,200 ,200 ,200 ,200 ,4
// Elemental Master
4261,	30000,75   ,500  ,900  ,40  ,50  ,50  ,200 ,200 ,200 ,200 ,200 ,200 ,200 ,45  ,200 ,200 ,200 ,200 ,45  ,200 ,200 ,200 ,200 ,200 ,200 ,200 ,55  ,5
// Inquisitor
4262,	30000,90   ,650  ,400  ,38  ,200 ,200 ,200 ,200 ,200 ,200 ,200 ,43  ,45  ,48  ,200 ,39  ,200 ,200 ,200 ,200 ,200 ,200 ,200 ,200 ,200 ,200 ,50  ,5
// Troubadour
4263,	32000,75   ,300  ,400  ,40  ,52  ,200 ,200 ,200 ,200 ,200 ,200 ,200 ,200 ,200 ,49  ,200 ,44  ,200 ,200 ,200 ,200 ,200 ,200 ,200 ,200 ,200 ,200 ,7
// Trouvere
4264,	32000,75   ,300  ,400  ,40  ,52  ,200 ,200 ,200 ,200 ,200 ,200 ,200 ,200 ,200 ,49  ,200 ,200 ,44  ,200 ,200 ,200 ,200 ,200 ,200 ,200 ,200 ,200 ,7
// Windhawk (Warg)
4278,	32000,85   ,500  ,400  ,40  ,50  ,200 ,200 ,200 ,200 ,200 ,200 ,200 ,200 ,200 ,49  ,200 ,200 ,200 ,200 ,200 ,200 ,200 ,200 ,200 ,200 ,200 ,200 ,8
// Meister (Mado)
4279,	38000,90   ,500  ,400  ,40  ,60  ,65  ,200 ,200 ,200 ,45  ,48  ,48  ,50  ,200 ,200 ,200 ,200 ,200 ,200 ,200 ,200 ,200 ,200 ,200 ,200 ,200 ,200 ,6
// Dragon Knight (Dragon)
4280,	35000,150  ,500  ,300  ,40  ,50  ,52  ,55  ,60  ,58  ,48  ,52  ,45  ,52  ,200 ,200 ,200 ,200 ,200 ,200 ,200 ,200 ,200 ,200 ,200 ,200 ,200 ,200 ,5
// Imperial Guard (Gryphon)
4281,	35000,110  ,700  ,400  ,40  ,47  ,45  ,53  ,50  ,50  ,48  ,52  ,44  ,50  ,200 ,200 ,200 ,200 ,200 ,200 ,200 ,200 ,200 ,200 ,200 ,200 ,200 ,200 ,5
