// Experience Tables [Renewal]
// Supports up to base level 1000 and job level 255
// Uncomment the rows below, enter the max level you want and replace "x" by the list of classes 
// you want these to apply to. You can also write your own exp requirements.
//
// Structure of Database:
// Max Level,Class list,Type,Exp for Lv 1,2,3,4,5,6,7,8,9,10,11,12,13,14,15,16,17,18,19,20,21,22,23,24,25,26,27,28,29,30,31,32,33,34,35,36,37,38,39,40,41,42,43,44,45,46,47,48,49,50,51,52,53,54,55,56,57,58,59,60,61,62,63,64,65,66,67,68,69,70,71,72,73,74,75,76,77,78,79,80,81,82,83,84,85,86,87,88,89,90,91,92,93,94,95,96,97,98,99,100,101,102,103,104,105,106,107,108,109,110,111,112,113,114,115,116,117,118,119,120,121,122,123,124,125,126,127,128,129,130,131,132,133,134,135,136,137,138,139,140,141,142,143,144,145,146,147,148,149,150,151,152,153,154,155,156,157,158,159,160,161,162,163,164,165,166,167,168,169,170,171,172,173,174,175,176,177,178,179,180,181,182,183,184,185,186,187,188,189,190,191,192,193,194,195,196,197,198,199,200,201,202,203,204,205,206,207,208,209,210,211,212,213,214,215,216,217,218,219,220,221,222,223,224,225,226,227,228,229,230,231,232,233,234,235,236,237,238,239,240,241,242,243,244,245,246,247,248,249,250,251,252,253,254,255
//
// Type:
//	0 = Base Exp, 1 = Job Exp

//Base - Normal and Baby Jobs
99,0:1:2:3:4:5:6:7:8:9:10:11:12:13:14:15:16:17:18:19:20:21:23:24:25:4023:4024:4025:4026:4027:4028:4029:4030:4031:4032:4033:4034:4035:4036:4037:4038:4039:4040:4041:4042:4043:4044:4045:4050:4051:4052,0,1200,1800,2400,3000,3600,4200,4800,5400,6000,6900,7800,8700,9600,10500,11400,12300,13200,14100,15000,17000,19000,21000,23000,25000,27000,29000,31000,33000,35000,39000,43000,47000,51000,55000,59000,63000,67000,71000,75000,80000,85000,90000,95000,100000,105000,110000,115000,120000,125000,137500,150000,162500,175000,187500,200000,212500,225000,237500,250000,275000,300000,325000,350000,375000,400000,425000,450000,475000,500000,550000,600000,650000,700000,750000,800000,850000,900000,950000,1000000,1100000,1200000,1300000,1400000,1500000,1600000,1700000,1800000,1900000,2000000,2200000,2400000,2600000,2800000,3000000,3200000,3400000,3600000,3800000,99999999

//Base - Adv Jobs
99,4001:4002:4003:4004:4005:4006:4007:4008:4009:4010:4011:4012:4013:4014:4015:4016:4017:4018:4019:4020:4021:4022,0,1200,1800,2400,3000,3600,4200,4800,5400,6000,6900,7800,8700,9600,10500,11400,12300,13200,14100,15000,17000,19000,21000,23000,25000,27000,29000,31000,33000,35000,39000,43000,47000,51000,55000,59000,63000,67000,71000,75000,80000,85000,90000,95000,100000,105000,110000,115000,120000,125000,137500,150000,162500,175000,187500,200000,212500,225000,237500,250000,275000,300000,325000,350000,375000,400000,425000,450000,475000,500000,550000,600000,650000,700000,750000,800000,850000,900000,950000,1000000,1100000,1200000,1300000,1400000,1500000,1600000,1700000,1800000,1900000,2000000,2200000,2400000,2600000,2800000,3000000,3200000,3400000,3600000,3800000,99999999

//Base - 3rd Jobs, Baby 3rds, Summoner
//Note: (First 98 values [Level 1 - 98] are only used by Summoner Class, because 3rd classes start at level 99.)
255,4046:4054:4055:4056:4057:4058:4059:4060:4061:4062:4063:4064:4065:4066:4067:4068:4069:4070:4071:4072:4073:4074:4075:4076:4077:4078:4079:4080:4081:4082:4083:4084:4085:4086:4087:4096:4097:4098:4099:4100:4101:4102:4103:4104:4105:4106:4107:4108:4109:4110:4111:4112:4218,0,1200,1800,2400,3000,3600,4200,4800,5400,6000,6900,7800,8700,9600,10500,11400,12300,13200,14100,15000,17000,19000,21000,23000,25000,27000,29000,31000,33000,35000,39000,43000,47000,51000,55000,59000,63000,67000,71000,75000,80000,85000,90000,95000,100000,105000,110000,115000,120000,125000,137500,150000,162500,175000,187500,200000,212500,225000,237500,250000,275000,300000,325000,350000,375000,400000,425000,450000,475000,500000,550000,600000,650000,700000,750000,800000,850000,900000,950000,1000000,1100000,1200000,1300000,1400000,1500000,1600000,1700000,1800000,1900000,2000000,2200000,2400000,2600000,2800000,3000000,3200000,3400000,3600000,3800000,4000000,4450000,4900000,5350000,5800000,6250000,6700000,7150000,7600000,8050000,8500000,9150000,9800000,10450000,11100000,11750000,12400000,13050000,13700000,14350000,15000000,16000000,17000000,18000000,19000000,20000000,21000000,22000000,23000000,24000000,25000000,26500000,28000000,29500000,31000000,32500000,34000000,35500000,37000000,38500000,40000000,42000000,44000000,46000000,48000000,50000000,52000000,54000000,56000000,58000000,60000000,62500000,65000000,67500000,70000000,72500000,75000000,77500000,80000000,82500000,85000000,88000000,91000000,94000000,97000000,100000000,103000000,106000000,109000000,112000000,115000000,118500000,122000000,125500000,129000000,132500000,136000000,139500000,143000000,146500000,150000000,154000000,158000000,162000000,166000000,170000000,174000000,178000000,182000000,186000000,190000000,194500000,199000000,203500000,208000000,212500000,217000000,221500000,226000000,230500000,235000000,240000000,245000000,250000000,255000000,260000000,265000000,270000000,275000000,280000000,285000000,287500000,290000000,292500000,295000000,297500000,300000000,302500000,305000000,307500000,310000000,316000000,322000000,328000000,334000000,340000000,346000000,352000000,358000000,364000000,370000000,377000000,384000000,391000000,398000000,405000000,412000000,419000000,426000000,433000000,440000000,448000000,456000000,464000000,472000000,480000000,488000000,496000000,504000000,512000000,520000000,536000000,552000000,568000000,584000000,600000000,999999999

//Base - Expanded Super Novice, Expanded Super Baby, Oboro/Kagerou, & Rebellion, Soul Linker & Star Gladiator
255,4190:4191:4211:4212:4047:4048:4049:4215,0,1200,1800,2400,3000,3600,4200,4800,5400,6000,6900,7800,8700,9600,10500,11400,12300,13200,14100,15000,17000,19000,21000,23000,25000,27000,29000,31000,33000,35000,39000,43000,47000,51000,55000,59000,63000,67000,71000,75000,80000,85000,90000,95000,100000,105000,110000,115000,120000,125000,137500,150000,162500,175000,187500,200000,212500,225000,237500,250000,275000,300000,325000,350000,375000,400000,425000,450000,475000,500000,550000,600000,650000,700000,750000,800000,850000,900000,950000,1000000,1100000,1200000,1300000,1400000,1500000,1600000,1700000,1800000,1900000,2000000,2200000,2400000,2600000,2800000,3000000,3200000,3400000,3600000,3800000,4000000,4450000,4900000,5350000,5800000,6250000,6700000,7150000,7600000,8050000,8500000,9150000,9800000,10450000,11100000,11750000,12400000,13050000,13700000,14350000,15000000,16000000,17000000,18000000,19000000,20000000,21000000,22000000,23000000,24000000,25000000,26500000,28000000,29500000,31000000,32500000,34000000,35500000,37000000,38500000,40000000,42000000,44000000,46000000,48000000,50000000,52000000,54000000,56000000,58000000,60000000,62500000,65000000,67500000,70000000,72500000,75000000,77500000,80000000,82500000,85000000,88000000,91000000,94000000,97000000,100000000,103000000,106000000,109000000,112000000,115000000,118500000,122000000,125500000,129000000,132500000,136000000,139500000,143000000,146500000,150000000,154000000,158000000,162000000,166000000,170000000,174000000,178000000,182000000,186000000,190000000,194500000,199000000,203500000,208000000,212500000,217000000,221500000,226000000,230500000,235000000,240000000,245000000,250000000,255000000,260000000,265000000,270000000,275000000,280000000,285000000,287500000,290000000,292500000,295000000,297500000,300000000,302500000,305000000,307500000,310000000,316000000,322000000,328000000,334000000,340000000,346000000,352000000,358000000,364000000,370000000,377000000,384000000,391000000,398000000,405000000,412000000,419000000,426000000,433000000,440000000,448000000,456000000,464000000,472000000,480000000,488000000,496000000,504000000,512000000,520000000,536000000,552000000,568000000,584000000,600000000,999999999

//Job - Taekwon, Soul Linker, Star Gladiator
120,4046:4047:4048:4049,1,60,3800,6200,10400,15200,22900,27100,30000,32500,35700,41300,45000,45800,47600,50300,58700,63900,67100,70300,73500,90600,96200,102700,110200,121400,144700,152900,163100,173300,183500,213500,224700,236000,247200,260700,299800,324800,343600,362300,374800,474400,497000,512100,542200,564800,644300,678200,712100,754500,796900,949300,988100,1026800,1065600,1104300,1334800,1391400,1425300,1470600,1515800,2003800,2032800,2119900,2236100,2323200,3025300,3433300,3776600,4436900,6758400,6825984,6894243,6963186,7032818,7103146,7174177,7245919,7318378,7391562,7465478,7614787,7767083,7922425,8080873,8242491,8407340,8575487,8746997,8921937,9100376,9373387,9654589,9944226,10242553,10549830,10866325,11192314,11528084,11873926,12230144,12719350,13228124,13757249,14307539,14879841,15475034,16094036,16737797,17407309,18103601,19008781,19959220,20957181,22005041,23105293,24260557,25473585,26747264,28084628,30000000

//Job - Novice & Baby Novice
10,0:4023,1,10,18,28,40,91,151,205,268,340,580

//Job - 1st Classes & Baby 1st Classes, Taekwon
50,1:2:3:4:5:6:4024:4025:4026:4027:4028:4029:4050,1,60,130,260,460,780,1060,1300,1560,1910,2290,2680,2990,3340,3740,4360,4970,5530,6120,6700,8090,8920,9970,11080,12690,14440,15850,17400,19220,21060,22870,24910,26840,29080,31320,33300,37110,40500,43570,46180,53510,57200,60310,65690,70090,72130,77540,83320,90120,97180,250000

//Job - 2nd Classes & Baby 2nd Classes, Soul Linker, Taekwon
50,7:8:9:10:11:12:13:14:15:16:17:18:19:20:21:4030:4031:4032:4033:4034:4035:4036:4037:4038:4039:4040:4041:4042:4043:4044:4051:4052,1,60,3800,6200,10400,15200,22900,27100,30000,32500,35700,41300,45000,45800,47600,50300,58700,63900,67100,70300,73500,90600,96200,102700,110200,121400,144700,152900,163100,173300,183500,213500,224700,236000,247200,260700,299800,324800,343600,362300,374800,474400,497000,512100,542200,564800,644300,678200,712100,754500,796900,949300,988100,1026800,1065600,1104300,1334800,1391400,1425300,1470600,1515800,2003800,2032800,2119900,2236100,2323200,3025300,3433300,3776600,4436900,6758400,6825984,6894243,6963186,7032818,7103146,7174177,7245919,7318378,7391562,7465478,7614787,7767083,7922425,8080873,8242491,8407340,8575487,8746997,8921937,9100376,9373387,9654589,9944226,10242553,10549830,10866325,11192314,11528084,11873926,12230144,12719350,13228124,13757249,14307539,14879841,15475034,16094036,16737797,17407309,18103601,19008781,19959220,20957181,22005041,23105293,24260557,25473585,26747264,28084628,30000000

//Job - Novice High
10,4001,1,11,20,31,44,100,166,226,295,374,1000

//Job - Adv First Classes
50,4002:4003:4004:4005:4006:4007,1,100,200,350,550,800,1100,1450,1850,2300,2800,3350,3950,4600,5300,6050,6850,7700,8600,9550,10550,11600,12700,13850,15050,16300,17600,18950,20350,21800,23300,24850,26450,28100,29800,31550,33350,35200,37100,39050,41050,43100,45200,47350,49550,51800,54100,56450,58850,61300,250000

//Job - Adv Second Classes
70,4008:4009:4010:4011:4012:4013:4014:4015:4016:4017:4018:4019:4020:4021:4022,1,60,3800,6200,10400,15200,22900,27100,30000,32500,35700,41300,45000,45800,47600,50300,58700,63900,67100,70300,73500,90600,96200,102700,110200,121400,144700,152900,163100,173300,183500,213500,224700,236000,247200,260700,299800,324800,343600,362300,374800,474400,497000,512100,542200,564800,644300,678200,712100,754500,796900,873100,911900,950600,989400,1028100,1143300,1199900,1233800,1279100,1324300,1486900,1515900,1603000,1719200,1806300,2040300,2244300,2415900,2746000,3326000,450000

//Job - 3rd Jobs & Baby 3rds
120,4054:4055:4056:4057:4058:4059:4060:4061:4062:4063:4064:4065:4066:4067:4068:4069:4070:4071:4072:4073:4074:4075:4076:4077:4078:4079:4080:4081:4082:4083:4084:4085:4086:4087:4096:4097:4098:4099:4100:4101:4102:4103:4104:4105:4106:4107:4108:4109:4110:4111:4112,1,60,3800,6200,10400,15200,22900,27100,30000,32500,35700,41300,45000,45800,47600,50300,58700,63900,67100,70300,73500,90600,96200,102700,110200,121400,144700,152900,163100,173300,183500,213500,224700,236000,247200,260700,299800,324800,343600,362300,374800,474400,497000,512100,542200,564800,644300,678200,712100,754500,796900,949300,988100,1026800,1065600,1104300,1334800,1391400,1425300,1470600,1515800,2003800,2032800,2119900,2236100,2323200,3025300,3433300,3776600,4436900,6758400,6825984,6894243,6963186,7032818,7103146,7174177,7245919,7318378,7391562,7465478,7614787,7767083,7922425,8080873,8242491,8407340,8575487,8746997,8921937,9100376,9373387,9654589,9944226,10242553,10549830,10866325,11192314,11528084,11873926,12230144,12719350,13228124,13757249,14307539,14879841,15475034,16094036,16737797,17407309,18103601,19008781,19959220,20957181,22005041,23105293,24260557,25473585,26747264,28084628,30000000

//Job - Expanded Super Novice, Expanded Super Baby, Oboro/Kagerou, & Rebellion
120,4190:4191:4211:4212:4215,1,60,3800,6200,10400,15200,22900,27100,30000,32500,35700,41300,45000,45800,47600,50300,58700,63900,67100,70300,73500,90600,96200,102700,110200,121400,144700,152900,163100,173300,183500,213500,224700,236000,247200,260700,299800,324800,343600,362300,374800,474400,497000,512100,542200,564800,644300,678200,712100,754500,796900,949300,988100,1026800,1065600,1104300,1334800,1391400,1425300,1470600,1515800,2003800,2032800,2119900,2236100,2323200,3025300,3433300,3776600,4436900,6758400,6825984,6894243,6963186,7032818,7103146,7174177,7245919,7318378,7391562,7465478,7614787,7767083,7922425,8080873,8242491,8407340,8575487,8746997,8921937,9100376,9373387,9654589,9944226,10242553,10549830,10866325,11192314,11528084,11873926,12230144,12719350,13228124,13757249,14307539,14879841,15475034,16094036,16737797,17407309,18103601,19008781,19959220,20957181,22005041,23105293,24260557,25473585,26747264,28084628,30000000

//Job - Ninja/Gunslinger
120,24:25,1,60,3800,6200,10400,15200,22900,27100,30000,32500,35700,41300,45000,45800,47600,50300,58700,63900,67100,70300,73500,90600,96200,102700,110200,121400,144700,152900,163100,173300,183500,213500,224700,236000,247200,260700,299800,324800,343600,362300,374800,474400,497000,512100,542200,564800,644300,678200,712100,754500,796900,949300,988100,1026800,1065600,1104300,1334800,1391400,1425300,1470600,1515800,2003800,2032800,2119900,2236100,2323200,3025300,3433300,3776600,4436900,6758400,6825984,6894243,6963186,7032818,7103146,7174177,7245919,7318378,7391562,7465478,7614787,7767083,7922425,8080873,8242491,8407340,8575487,8746997,8921937,9100376,9373387,9654589,9944226,10242553,10549830,10866325,11192314,11528084,11873926,12230144,12719350,13228124,13757249,14307539,14879841,15475034,16094036,16737797,17407309,18103601,19008781,19959220,20957181,22005041,23105293,24260557,25473585,26747264,28084628,30000000

//Job - Star Gladiator
120,4047:4048,1,60,3800,6200,10400,15200,22900,27100,30000,32500,35700,41300,45000,45800,47600,50300,58700,63900,67100,70300,73500,90600,96200,102700,110200,121400,144700,152900,163100,173300,183500,213500,224700,236000,247200,260700,299800,324800,343600,362300,374800,474400,497000,512100,542200,564800,644300,678200,712100,754500,796900,949300,988100,1026800,1065600,1104300,1334800,1391400,1425300,1470600,1515800,2003800,2032800,2119900,2236100,2323200,3025300,3433300,3776600,4436900,6758400,6825984,6894243,6963186,7032818,7103146,7174177,7245919,7318378,7391562,7465478,7614787,7767083,7922425,8080873,8242491,8407340,8575487,8746997,8921937,9100376,9373387,9654589,9944226,10242553,10549830,10866325,11192314,11528084,11873926,12230144,12719350,13228124,13757249,14307539,14879841,15475034,16094036,16737797,17407309,18103601,19008781,19959220,20957181,22005041,23105293,24260557,25473585,26747264,28084628,30000000

//Job - Super Novice & Baby Super Novice
99,23:4045,1,60,130,260,460,780,1060,1300,1560,1910,2290,2680,2990,3340,3740,4360,4970,5530,6120,6700,8090,8920,9970,11080,12690,14440,15850,17400,19220,21060,22870,24910,26840,29080,31320,33300,37110,40500,43570,46180,53510,57200,60310,65690,70090,72130,77540,83320,90120,97180,590120,600120,610120,620120,630120,640120,650120,660120,670120,680120,690120,700120,710120,720120,730120,740120,750120,760120,770120,780120,790120,800120,810120,820120,830120,840120,850120,860120,870120,880120,890120,900120,910120,920120,930120,940120,950120,960120,970120,980120,990120,1000120,1010120,1020120,1030120,1040120,1050120,1060120,1070120,1150000
//Job - Summoner
120,4218,1,60,3800,6200,10400,15200,22900,27100,30000,32500,35700,41300,45000,45800,47600,50300,58700,63900,67100,70300,73500,90600,96200,102700,110200,121400,144700,152900,163100,173300,183500,213500,224700,236000,247200,260700,299800,324800,343600,362300,374800,474400,497000,512100,542200,564800,644300,678200,712100,754500,796900,949300,988100,1026800,1065600,1104300,1334800,1391400,1425300,1470600,1515800,2003800,2032800,2119900,2236100,2323200,3025300,3433300,3776600,4436900,6758400,6825984,6894243,6963186,7032818,7103146,7174177,7245919,7318378,7391562,7465478,7614787,7767083,7922425,8080873,8242491,8407340,8575487,8746997,8921937,9100376,9373387,9654589,9944226,10242553,10549830,10866325,11192314,11528084,11873926,12230144,12719350,13228124,13757249,14307539,14879841,15475034,16094036,16737797,17407309,18103601,19008781,19959220,20957181,22005041,23105293,24260557,25473585,26747264,28084628,30000000