20400,S_EMPEL_1,Guardian Stone,Guardian Stone,90,120000,0,0,0,0,1,2,40,50,1,1,1,1,1,1,15,15,0,0,20,1507328,300,1288,288,384,0,0,0,0,0,0,0,0,0,0,0,0,0,0,0,0,0,0,0,0,0,0,0,0,0,0,0
20401,S_EMPEL_2,Guardian Stone,Guardian Stone,90,1200000,0,0,0,0,1,2,40,50,1,1,1,1,1,1,15,15,0,0,20,1507328,300,1288,288,384,0,0,0,0,0,0,0,0,0,0,0,0,0,0,0,0,0,0,0,0,0,0,0,0,0,0,0
3750,FLECHA,Flecha,Flecha,99,78690,0,200000,0,1,1890,2390,59,10,90,99,99,35,250,66,15,15,1,7,81,102774421,180,76,384,288,0,0,0,0,0,0,0,678,45,7136,45,7135,45,7139,20,11504,200,11503,350,1166,2,984,1000,7621,2,0,0
3751,RAGNAMAN,RAGNAMAN,RAGNAMAN,99,88402,0,200000,0,1,2100,2530,63,12,90,99,72,20,250,25,15,15,1,6,63,102774421,170,76,384,288,0,0,0,0,0,0,0,678,45,7136,45,7135,45,7139,20,11504,200,11503,350,1232,2,984,1000,7621,2,0,0
3752,LILIKA_FELINA,LILIKA_FELINA,LILIKA FELINA,90,61282,0,200000,0,1,1300,2053,35,60,20,99,97,145,250,40,15,15,1,7,66,102774421,180,1152,384,288,0,0,0,0,0,0,0,678,45,7136,45,7135,45,7139,20,11504,200,11503,350,1232,2,984,1000,7621,2,1230,1
3753,BIGBOT,BIGBOT,BIGBOT,83,78690,0,200000,0,1,1890,2390,59,10,90,99,99,35,250,66,15,15,1,7,81,102774421,180,76,384,288,0,0,0,0,0,0,0,678,45,7136,45,7135,45,7139,20,11504,200,11503,350,1169,2,985,1000,7621,2,1228,1
3754,DIEGUITO,DIEGUITO,DIEGUITO,90,61282,0,200000,0,1,1300,2053,35,60,12,99,97,145,250,40,15,15,1,7,66,102774421,250,1152,384,288,0,0,0,0,0,0,0,678,45,7136,45,7135,45,7139,20,11504,200,11503,350,1261,2,985,1000,7621,2,0,0
3755,JIN_FAST,JIN_FAST,JIN_FAST,82,58900,0,200000,0,14,1226,1854,25,15,18,145,27,80,250,80,15,15,1,7,64,102774421,220,76,384,288,0,0,0,0,0,0,0,678,45,7136,45,7135,45,7139,20,11504,200,11503,350,1166,2,985,1000,7621,2,0,0
3756,CHUNKA,CHUNKA,CHUNKA,92,47280,0,200000,0,1,4300,6000,30,74,30,99,35,180,250,39,15,15,1,7,68,102774421,220,1152,384,288,0,0,0,0,0,0,0,678,45,7136,45,7135,45,7139,20,11504,200,11503,350,1261,2,985,1000,7621,2,0,0
3757,RYUKUN,RYUKUN,RYUKUN,83,78690,0,200000,0,5,1890,2390,59,55,90,99,30,99,250,66,15,15,1,7,81,102774421,220,800,384,288,0,0,0,0,0,0,0,678,45,7136,45,7135,45,7139,20,11504,200,11503,350,984,1000,1225,2,7621,2,0,0
25150,Ichthyousaur,Ichthyousaur,Ichthyousaur,10,9999,2000,9999,9999,1,1000,500,15,15,65,20,16,10,250,1,12,10,0,0,20,102774421,150,300,286,340,0,0,0,0,0,0,0,0,607,1000,0,0,0,0,0,0,0,0,0,0,0,0,0,0,0,0,0
3758,KENNY,KENNY,KENNY,90,61282,0,200000,0,5,1300,2053,35,60,60,99,97,145,250,40,15,15,1,7,66,102774421,220,1152,384,288,0,0,0,0,0,0,0,678,45,7136,45,7135,45,7139,20,11504,200,11503,350,1224,2,985,1000,7621,2,0,0
20403,EMPELIUM_,Spirit_Stone,Spirit Stone,90,100000,0,0,0,0,1,2,40,50,1,17,80,50,26,20,15,15,0,8,26,102760448,300,1288,288,384,0,0,0,0,0,0,0,0,0,0,0,0,0,0,0,0,0,0,0,0,0,0,0,0,0,0,0
2200,TREASURE_BOX_E,Treasure_Chest,Treasure Chest,99,0,0,0,0,0,0,0,0,0,0,0,0,0,999,0,15,15,0,0,20,102760448,0,0,0,0,0,0,0,0,0,0,0,7079,4,7086,4,7082,4,7084,4,7078,4,7091,4,14232,100,30006,1000,616,1000,0,0
2201,TREASURE_BOX_F,Treasure_Chest,Treasure Chest,99,0,0,0,0,0,0,0,0,0,0,0,0,0,999,0,15,15,0,0,20,102760448,0,0,0,0,0,0,0,0,0,0,0,7075,4,7076,4,7087,4,7080,4,7081,4,7089,4,7088,4,30006,1000,616,1000,0,0
2202,TREASURE_BOX_G,Treasure_Chest,Treasure Chest,99,0,0,0,0,0,0,0,0,0,0,0,0,0,999,0,15,15,0,0,20,102760448,0,0,0,0,0,0,0,0,0,0,0,7075,4,7092,4,7090,4,7073,4,7077,4,7085,4,7083,4,30006,1000,616,1000,0,0
2203,TREASURE_BOX_H,Treasure_Chest,Treasure Chest,99,0,0,0,0,0,0,0,0,0,0,0,0,0,999,0,15,15,0,0,20,102760448,0,0,0,0,0,0,0,0,0,0,0,14232,100,14003,100,13973,160,13989,160,12214,40,12103,40,5155,12,30006,1000,616,1000,0,0
3759,MORTIS,MORTIS,MORTIS,98,85199,0,200000,0,1,2020,2320,23,12,186,138,31,19,250,30,15,15,1,6,85,102774421,180,76,384,288,0,0,0,0,0,0,0,678,45,7136,45,7135,45,7139,20,11504,200,11503,350,1169,2,984,1000,7621,2,0,0
3760,PHANTOM,PHANTOM,PHANTOM,98,135000,0,200000,0,1,497,1697,10,74,1,5,77,99,250,39,15,15,1,7,68,102774421,180,76,384,288,0,0,0,0,0,0,0,0,0,0,0,0,0,0,0,0,0,0,0,0,0,0,0,0,0,0,0
2322,BAKONAWA_3,Bakonawa,Bakonawa,156,100000000,1,2510111,2345151,10,9600,5000,378,0,251,134,30,194,237,66,15,15,2,9,81,102760580,2000,440,672,432,0,0,0,0,0,0,0,0,0,0,0,0,0,0,0,0,0,0,0,0,0,0,0,0,0,0,0
2007,EMPELIUM_C,Emperium,Emperium,90,68430,0,0,0,1,60,71,40,50,1,17,80,50,26,20,15,15,0,8,26,102760448,300,1288,288,384,0,0,0,0,0,0,0,0,0,0,0,0,0,0,0,0,0,0,0,0,0,0,0,0,0,0,0
2005,T_PLASMA_B,Plasma,Plasma,44,8200,0,0,0,3,300,700,0,30,1,30,5,73,90,30,15,15,0,0,81,288,150,608,1440,576,0,0,0,0,0,0,0,0,0,0,0,0,0,0,0,0,0,0,0,0,0,0,0,0,0,0,0
2006,T_PLASMA_P,Plasma,Plasma,49,5900,0,0,0,3,300,700,0,30,1,30,5,54,90,30,15,15,0,0,87,288,150,608,1440,576,0,0,0,0,0,0,0,0,0,0,0,0,0,0,0,0,0,0,0,0,0,0,0,0,0,0,0
25001,G_RANDGRIS,Fallen Angel,Fallen Angel,99,333333,0,0,0,3,5560,9980,25,42,100,120,80,120,220,210,15,15,2,8,86,102774421,100,576,576,480,0,0,0,0,0,0,0,0,0,0,0,0,0,0,0,0,0,0,0,0,0,0,0,0,0,0,0
25002,KASA,Infernal Vulture,Infernal Vulture,85,66666,0,0,0,2,3030,3500,23,70,45,110,31,200,140,30,15,15,2,0,63,102774421,150,800,600,288,0,0,0,0,0,0,0,0,0,0,0,0,0,0,0,0,0,0,0,0,0,0,0,0,0,0,0
25003,IMP,Infernal Imp,Infernal Imp,76,66666,0,0,0,1,1059,1509,27,50,37,76,30,150,99,10,15,15,0,6,63,33567381,150,824,432,360,0,0,0,0,0,0,0,0,0,0,0,0,0,0,0,0,0,0,0,0,0,0,0,0,0,0,0
25004,ENTWEIHEN,Guardian,Guardian,90,66666,0,0,0,12,32000,40000,44,66,1,70,40,250,220,30,15,15,1,6,87,102760580,0,140,540,576,0,0,0,0,0,0,0,0,0,0,0,0,0,0,0,0,0,0,0,0,0,0,0,0,0,0,0
25000,LOTF,Lord of the Fallen,Lord of the Fallen,156,666666,1,66666,0,10,9600,5000,378,0,251,134,30,194,237,66,15,15,2,9,81,102760580,2000,440,672,432,0,0,0,0,0,0,0,0,0,0,0,0,0,0,0,0,0,0,0,0,0,0,0,0,0,0,0
25005,TREASURE_BOX28,Loot Chest,Loot Chest,255,0,0,0,0,0,0,0,0,0,0,0,0,0,0,0,15,15,0,0,20,102760448,0,0,0,0,0,0,0,0,0,0,0,0,0,0,0,0,0,0,0,0,0,0,0,0,0,0,0,0,0,0,0
25006,4_M_DIEMAN,Dead Body,Dead Body,1,0,0,0,0,0,0,0,0,0,0,0,0,0,0,0,0,0,0,0,20,102760448,0,0,0,0,0,0,0,0,0,0,0,0,0,0,0,0,0,0,0,0,0,0,0,0,0,0,0,0,0,0,0
25116,Chibcha,Chibcha,Chibcha,10,9999,2000,9999,9999,1,1000,500,15,15,65,20,19,10,250,1,12,11,0,0,20,102774421,150,300,286,340,0,0,0,0,0,0,0,0,607,1000,0,0,0,0,0,0,0,0,0,0,0,0,0,0,0,0,0
25162,Leggy_Tadpole,Leggy_Tadpole,Leggy_Tadpole,10,9999,2000,9999,9999,1,1000,500,15,15,65,20,18,10,250,1,11,8,0,0,20,102774421,150,300,286,340,0,0,0,0,0,0,0,0,607,1000,0,0,0,0,0,0,0,0,0,0,0,0,0,0,0,0,0
3038,HOLLOW_PORING,Hollow Poring,Hollow Poring,1,50,0,2,1,1,7,10,0,5,1,1,1,0,6,30,15,15,1,3,21,131,400,1872,672,480,0,0,0,0,0,0,0,0,0,0,0,0,0,0,0,0,0,0,0,0,0,0,0,0,0,0,0
3700,Mani,Mani,Mani,180,1000000,5000,0,0,2,16000,5000,90,90,150,150,150,150,150,150,15,15,2,6,48,2949,180,220,2040,336,0,0,0,0,0,0,0,0,0,0,0,0,0,0,0,0,0,0,0,0,0,0,0,0,0,0,0
3701,Wolf Demon,Wolf Demon,Wolf Demon,80,95000,50,0,0,2,5200,2000,15,20,80,53,20,55,65,20,15,15,2,2,47,2949,90,280,2040,336,0,0,0,0,0,0,0,0,0,0,0,0,0,0,0,0,0,0,0,0,0,0,0,0,0,0,0
3702,Mercenary Merchant,Mercenary Merchant,Mercenary Merchant,35,5200,50,0,0,2,1800,600,40,12,60,30,20,10,50,90,15,15,1,7,40,2949,120,570,2040,336,0,0,0,0,0,0,0,0,0,0,0,0,0,0,0,0,0,0,0,0,0,0,0,0,0,0,0
3703,Master Mercenary,Master Mercenary,Master Mercenary,70,16020,50,0,0,2,4200,1200,30,40,99,20,20,15,16,1,15,15,1,7,40,2949,120,480,2040,336,0,0,0,0,0,0,0,0,0,0,0,0,0,0,0,0,0,0,0,0,0,0,0,0,0,0,0
3704,Monmouth,Monmouth,Monmouth,102,920000,5000,0,0,2,22000,7000,80,25,200,20,99,10,75,10,15,15,1,9,42,2949,120,720,2040,336,0,0,0,0,0,0,0,0,0,0,0,0,0,0,0,0,0,0,0,0,0,0,0,0,0,0,0
3705,Member of the Family,Member of the Family,Member of the Family,35,4800,250,0,0,2,1200,200,30,20,65,30,20,12,56,80,15,15,1,7,20,2949,120,560,2040,336,0,0,0,0,0,0,0,0,0,0,0,0,0,0,0,0,0,0,0,0,0,0,0,0,0,0,0
3706,Franky,Franky,Franky,80,130520,500,0,0,2,13000,5000,80,20,75,35,20,50,99,120,15,15,1,7,40,2949,120,480,2040,336,0,0,0,0,0,0,0,0,0,0,0,0,0,0,0,0,0,0,0,0,0,0,0,0,0,0,0
3707,Franky's Brother,Franky's Brother,Franky's Brother,90,80000,400,0,0,2,6200,1000,50,20,80,50,50,10,80,120,15,15,1,7,40,2949,150,570,2040,336,0,0,0,0,0,0,0,0,0,0,0,0,0,0,0,0,0,0,0,0,0,0,0,0,0,0,0
3708,Franky's Mother,Franky's Mother,Franky's Mother,98,120000,400,0,0,2,7500,3200,20,35,85,20,20,20,53,99,15,15,1,7,40,2949,120,620,2040,336,0,0,0,0,0,0,0,0,0,0,0,0,0,0,0,0,0,0,0,0,0,0,0,0,0,0,0
3709,Franky's Cousin,Franky's Cousin,Franky's Cousin,99,75000,3000,0,0,2,5600,2300,80,0,75,30,50,50,20,10,15,15,1,7,40,2949,120,460,2040,336,0,0,0,0,0,0,0,0,0,0,0,0,0,0,0,0,0,0,0,0,0,0,0,0,0,0,0
3710,Franky's Uncle,Franky's Uncle,Franky's Uncle,90,130000,50,0,0,2,8000,5000,30,45,99,50,99,55,30,20,15,15,1,7,60,2949,120,390,2040,336,0,0,0,0,0,0,0,0,0,0,0,0,0,0,0,0,0,0,0,0,0,0,0,0,0,0,0
3762,BOAT,BOAT,BOAT,90,100000,0,0,0,1,60,71,40,50,1,17,80,50,26,20,15,15,0,8,26,288,300,1288,288,384,0,0,0,0,0,0,0,0,0,0,0,0,0,0,0,0,0,0,0,0,0,0,0,0,0,0,0
3763,ARCHER_GUARDIAN2,Archer Guardian,Archer Guardian,110,120000,0,1,1,12,1120,1600,35,60,95,80,80,90,165,55,15,15,2,7,80,8357,265,1200,1200,384,0,0,0,0,0,0,0,0,0,0,0,0,0,0,0,0,0,0,0,0,0,0,0,0,0,0,0
3764,KNIGHT_GUARDIAN2,Knight Guardian,Knight Guardian,160,130000,0,1,1,2,1280,1560,55,30,110,40,140,65,125,65,15,15,2,7,80,8357,275,1200,1200,384,0,0,0,0,0,0,0,0,0,0,0,0,0,0,0,0,0,0,0,0,0,0,0,0,0,0,0
3765,SOLDIER_GUARDIAN2,Soldier Guardian,Soldier Guardian,100,115000,0,1,1,1,873,1036,35,0,85,56,100,45,103,43,15,15,0,4,22,8613,265,1288,288,384,0,0,0,0,0,0,0,0,0,0,0,0,0,0,0,0,0,0,0,0,0,0,0,0,0,0,0
3768,TREASURE_BOX52,Treasure Chest,Treasure Chest,99,0,0,0,0,0,0,0,0,0,0,0,0,0,255,0,15,15,0,0,20,288,0,0,0,0,0,0,0,0,0,0,0,607,80,608,500,616,10000,969,4850,2115,7275,2357,1500,2421,75,2524,8,0,0,0,0
3767,TREASURE_BOX51,Treasure Chest,Treasure Chest,99,0,0,0,0,0,0,0,0,0,0,0,0,0,255,0,15,15,0,0,20,288,0,0,0,0,0,0,0,0,0,0,0,607,80,608,500,616,10000,7444,4850,2114,7275,2353,1500,2418,75,2516,8,0,0,0,0
3766,TREASURE_BOX50,Treasure Chest,Treasure Chest,99,0,0,0,0,0,0,0,0,0,0,0,0,0,255,0,15,15,0,0,20,288,0,0,0,0,0,0,0,0,0,0,0,607,80,608,500,616,10000,732,4850,2104,7275,2315,1500,2404,75,2504,8,0,0,0,0
1900,Carleton,Carleton,Carleton,25,600,0,0,0,2,100,150,5,1,10,20,1,1,22,1,15,15,1,7,40,653,180,570,2040,336,0,0,0,0,0,0,0,0,0,0,0,0,0,0,0,0,0,0,0,0,0,0,0,0,0,0,0
25181,Mud_Bigfoot,Mud_Bigfoot,Mud_Bigfoot,10,9999,2000,9999,9999,1,1000,500,15,15,65,20,22,10,250,1,8,11,0,0,20,102774421,150,300,286,340,0,0,0,0,0,0,0,0,607,1000,0,0,0,0,0,0,0,0,0,0,0,0,0,0,0,0,0
25180,Moss_Moth,Moss_Moth,Moss_Moth,10,9999,2000,9999,9999,1,1000,500,15,15,65,20,26,10,250,1,11,12,0,0,20,102774421,150,300,286,340,0,0,0,0,0,0,0,0,607,1000,0,0,0,0,0,0,0,0,0,0,0,0,0,0,0,0,0
25179,Monkeya,Monkeya,Monkeya,10,9999,2000,9999,9999,1,1000,500,15,15,65,20,13,10,250,1,10,11,0,0,20,102774421,150,300,286,340,0,0,0,0,0,0,0,0,607,1000,0,0,0,0,0,0,0,0,0,0,0,0,0,0,0,0,0
25178,Mingo,Mingo,Mingo,10,9999,2000,9999,9999,1,1000,500,15,15,65,20,20,10,250,1,10,12,0,0,20,102774421,150,300,286,340,0,0,0,0,0,0,0,0,607,1000,0,0,0,0,0,0,0,0,0,0,0,0,0,0,0,0,0
25177,Merrow,Merrow,Merrow,10,9999,2000,9999,9999,1,1000,500,15,15,65,20,29,10,250,1,8,12,0,0,20,102774421,150,300,286,340,0,0,0,0,0,0,0,0,607,1000,0,0,0,0,0,0,0,0,0,0,0,0,0,0,0,0,0
25176,Merman_Ale,Merman_Ale,Merman_Ale,10,9999,2000,9999,9999,1,1000,500,15,15,65,20,15,10,250,1,9,8,0,0,20,102774421,150,300,286,340,0,0,0,0,0,0,0,0,607,1000,0,0,0,0,0,0,0,0,0,0,0,0,0,0,0,0,0
25175,Merman_Aku,Merman_Aku,Merman_Aku,10,9999,2000,9999,9999,1,1000,500,15,15,65,20,18,10,250,1,9,11,0,0,20,102774421,150,300,286,340,0,0,0,0,0,0,0,0,607,1000,0,0,0,0,0,0,0,0,0,0,0,0,0,0,0,0,0
25174,Mermaid_Little,Mermaid_Little,Mermaid_Little,10,9999,2000,9999,9999,1,1000,500,15,15,65,20,13,10,250,1,9,10,0,0,20,102774421,150,300,286,340,0,0,0,0,0,0,0,0,607,1000,0,0,0,0,0,0,0,0,0,0,0,0,0,0,0,0,0
25173,Master_Mong,Master_Mong,Master_Mong,10,9999,2000,9999,9999,1,1000,500,15,15,65,20,26,10,250,1,8,8,0,0,20,102774421,150,300,286,340,0,0,0,0,0,0,0,0,607,1000,0,0,0,0,0,0,0,0,0,0,0,0,0,0,0,0,0
25172,Master_Foe,Master_Foe,Master_Foe,10,9999,2000,9999,9999,1,1000,500,15,15,65,20,16,10,250,1,11,11,0,0,20,102774421,150,300,286,340,0,0,0,0,0,0,0,0,607,1000,0,0,0,0,0,0,0,0,0,0,0,0,0,0,0,0,0
25171,Maro_Toy,Maro_Toy,Maro_Toy,10,9999,2000,9999,9999,1,1000,500,15,15,65,20,15,10,250,1,9,12,0,0,20,102774421,150,300,286,340,0,0,0,0,0,0,0,0,607,1000,0,0,0,0,0,0,0,0,0,0,0,0,0,0,0,0,0
25170,Marie_Toy,Marie_Toy,Marie_Toy,10,9999,2000,9999,9999,1,1000,500,15,15,65,20,15,10,250,1,9,10,0,0,20,102774421,150,300,286,340,0,0,0,0,0,0,0,0,607,1000,0,0,0,0,0,0,0,0,0,0,0,0,0,0,0,0,0
25169,Mandragora_,Mandragora_,Mandragora_,10,9999,2000,9999,9999,1,1000,500,15,15,65,20,22,10,250,1,11,9,0,0,20,102774421,150,300,286,340,0,0,0,0,0,0,0,0,607,1000,0,0,0,0,0,0,0,0,0,0,0,0,0,0,0,0,0
25168,Maiden_Ghost,Maiden_Ghost,Maiden_Ghost,10,9999,2000,9999,9999,1,1000,500,15,15,65,20,13,10,250,1,8,11,0,0,20,102774421,150,300,286,340,0,0,0,0,0,0,0,0,607,1000,0,0,0,0,0,0,0,0,0,0,0,0,0,0,0,0,0
25167,Madame_Chiffon,Madame_Chiffon,Madame_Chiffon,10,9999,2000,9999,9999,1,1000,500,15,15,65,20,12,10,250,1,9,11,0,0,20,102774421,150,300,286,340,0,0,0,0,0,0,0,0,607,1000,0,0,0,0,0,0,0,0,0,0,0,0,0,0,0,0,0
25166,Lotus_Wormhole,Lotus_Wormhole,Lotus_Wormhole,10,9999,2000,9999,9999,1,1000,500,15,15,65,20,10,10,250,1,12,12,0,0,20,102774421,150,300,286,340,0,0,0,0,0,0,0,0,607,1000,0,0,0,0,0,0,0,0,0,0,0,0,0,0,0,0,0
25165,Little_Cora,Little_Cora,Little_Cora,10,9999,2000,9999,9999,1,1000,500,15,15,65,20,26,10,250,1,11,10,0,0,20,102774421,150,300,286,340,0,0,0,0,0,0,0,0,607,1000,0,0,0,0,0,0,0,0,0,0,0,0,0,0,0,0,0
25164,Lima,Lima,Lima,10,9999,2000,9999,9999,1,1000,500,15,15,65,20,26,10,250,1,11,8,0,0,20,102774421,150,300,286,340,0,0,0,0,0,0,0,0,607,1000,0,0,0,0,0,0,0,0,0,0,0,0,0,0,0,0,0
25163,Leviathan,Leviathan,Leviathan,10,9999,2000,9999,9999,1,1000,500,15,15,65,20,22,10,250,1,9,8,0,0,20,102774421,150,300,286,340,0,0,0,0,0,0,0,0,607,1000,0,0,0,0,0,0,0,0,0,0,0,0,0,0,0,0,0
25161,Leaf_Bird,Leaf_Bird,Leaf_Bird,10,9999,2000,9999,9999,1,1000,500,15,15,65,20,24,10,250,1,11,10,0,0,20,102774421,150,300,286,340,0,0,0,0,0,0,0,0,607,1000,0,0,0,0,0,0,0,0,0,0,0,0,0,0,0,0,0
25160,Leader_Toy,Leader_Toy,Leader_Toy,10,9999,2000,9999,9999,1,1000,500,15,15,65,20,23,10,250,1,9,11,0,0,20,102774421,150,300,286,340,0,0,0,0,0,0,0,0,607,1000,0,0,0,0,0,0,0,0,0,0,0,0,0,0,0,0,0
25159,Larva,Larva,Larva,10,9999,2000,9999,9999,1,1000,500,15,15,65,20,11,10,250,1,11,8,0,0,20,102774421,150,300,286,340,0,0,0,0,0,0,0,0,607,1000,0,0,0,0,0,0,0,0,0,0,0,0,0,0,0,0,0
25158,Koom,Koom,Koom,10,9999,2000,9999,9999,1,1000,500,15,15,65,20,21,10,250,1,9,10,0,0,20,102774421,150,300,286,340,0,0,0,0,0,0,0,0,607,1000,0,0,0,0,0,0,0,0,0,0,0,0,0,0,0,0,0
25157,Kokebi,Kokebi,Kokebi,10,9999,2000,9999,9999,1,1000,500,15,15,65,20,21,10,250,1,11,11,0,0,20,102774421,150,300,286,340,0,0,0,0,0,0,0,0,607,1000,0,0,0,0,0,0,0,0,0,0,0,0,0,0,0,0,0
25156,Keeper,Keeper,Keeper,10,9999,2000,9999,9999,1,1000,500,15,15,65,20,12,10,250,1,10,11,0,0,20,102774421,150,300,286,340,0,0,0,0,0,0,0,0,607,1000,0,0,0,0,0,0,0,0,0,0,0,0,0,0,0,0,0
25155,Kaboom,Kaboom,Kaboom,10,9999,2000,9999,9999,1,1000,500,15,15,65,20,28,10,250,1,8,10,0,0,20,102774421,150,300,286,340,0,0,0,0,0,0,0,0,607,1000,0,0,0,0,0,0,0,0,0,0,0,0,0,0,0,0,0
25154,Joker_,Joker_,Joker_,10,9999,2000,9999,9999,1,1000,500,15,15,65,20,11,10,250,1,12,12,0,0,20,102774421,150,300,286,340,0,0,0,0,0,0,0,0,607,1000,0,0,0,0,0,0,0,0,0,0,0,0,0,0,0,0,0
25153,Jellyfish,Jellyfish,Jellyfish,10,9999,2000,9999,9999,1,1000,500,15,15,65,20,25,10,250,1,8,9,0,0,20,102774421,150,300,286,340,0,0,0,0,0,0,0,0,607,1000,0,0,0,0,0,0,0,0,0,0,0,0,0,0,0,0,0
25152,Ironclad_Turtle,Ironclad_Turtle,Ironclad_Turtle,10,9999,2000,9999,9999,1,1000,500,15,15,65,20,17,10,250,1,11,8,0,0,20,102774421,150,300,286,340,0,0,0,0,0,0,0,0,607,1000,0,0,0,0,0,0,0,0,0,0,0,0,0,0,0,0,0
25151,Inky_Muck,Inky_Muck,Inky_Muck,10,9999,2000,9999,9999,1,1000,500,15,15,65,20,25,10,250,1,12,8,0,0,20,102774421,150,300,286,340,0,0,0,0,0,0,0,0,607,1000,0,0,0,0,0,0,0,0,0,0,0,0,0,0,0,0,0
25149,Halli,Halli,Halli,10,9999,2000,9999,9999,1,1000,500,15,15,65,20,20,10,250,1,9,11,0,0,20,102774421,150,300,286,340,0,0,0,0,0,0,0,0,607,1000,0,0,0,0,0,0,0,0,0,0,0,0,0,0,0,0,0
25148,Guiana,Guiana,Guiana,10,9999,2000,9999,9999,1,1000,500,15,15,65,20,16,10,250,1,8,12,0,0,20,102774421,150,300,286,340,0,0,0,0,0,0,0,0,607,1000,0,0,0,0,0,0,0,0,0,0,0,0,0,0,0,0,0
25147,Goma,Goma,Goma,10,9999,2000,9999,9999,1,1000,500,15,15,65,20,12,10,250,1,11,11,0,0,20,102774421,150,300,286,340,0,0,0,0,0,0,0,0,607,1000,0,0,0,0,0,0,0,0,0,0,0,0,0,0,0,0,0
25146,Golden_Mole,Golden_Mole,Golden_Mole,10,9999,2000,9999,9999,1,1000,500,15,15,65,20,21,10,250,1,10,11,0,0,20,102774421,150,300,286,340,0,0,0,0,0,0,0,0,607,1000,0,0,0,0,0,0,0,0,0,0,0,0,0,0,0,0,0
25145,Ghost_Book,Ghost_Book,Ghost_Book,10,9999,2000,9999,9999,1,1000,500,15,15,65,20,18,10,250,1,8,10,0,0,20,102774421,150,300,286,340,0,0,0,0,0,0,0,0,607,1000,0,0,0,0,0,0,0,0,0,0,0,0,0,0,0,0,0
25144,Gentle_Sting,Gentle_Sting,Gentle_Sting,10,9999,2000,9999,9999,1,1000,500,15,15,65,20,19,10,250,1,9,10,0,0,20,102774421,150,300,286,340,0,0,0,0,0,0,0,0,607,1000,0,0,0,0,0,0,0,0,0,0,0,0,0,0,0,0,0
25143,Frozen_Corpse,Frozen_Corpse,Frozen_Corpse,10,9999,2000,9999,9999,1,1000,500,15,15,65,20,29,10,250,1,8,10,0,0,20,102774421,150,300,286,340,0,0,0,0,0,0,0,0,607,1000,0,0,0,0,0,0,0,0,0,0,0,0,0,0,0,0,0
25142,Fossil_Soldier,Fossil_Soldier,Fossil_Soldier,10,9999,2000,9999,9999,1,1000,500,15,15,65,20,15,10,250,1,12,11,0,0,20,102774421,150,300,286,340,0,0,0,0,0,0,0,0,607,1000,0,0,0,0,0,0,0,0,0,0,0,0,0,0,0,0,0
25141,Forest_Wasp,Forest_Wasp,Forest_Wasp,10,9999,2000,9999,9999,1,1000,500,15,15,65,20,23,10,250,1,11,12,0,0,20,102774421,150,300,286,340,0,0,0,0,0,0,0,0,607,1000,0,0,0,0,0,0,0,0,0,0,0,0,0,0,0,0,0
25140,Forest_Tickler,Forest_Tickler,Forest_Tickler,10,9999,2000,9999,9999,1,1000,500,15,15,65,20,18,10,250,1,11,12,0,0,20,102774421,150,300,286,340,0,0,0,0,0,0,0,0,607,1000,0,0,0,0,0,0,0,0,0,0,0,0,0,0,0,0,0
25139,Forest_Mantis,Forest_Mantis,Forest_Mantis,10,9999,2000,9999,9999,1,1000,500,15,15,65,20,12,10,250,1,12,9,0,0,20,102774421,150,300,286,340,0,0,0,0,0,0,0,0,607,1000,0,0,0,0,0,0,0,0,0,0,0,0,0,0,0,0,0
25138,Flat_Salamander,Flat_Salamander,Flat_Salamander,10,9999,2000,9999,9999,1,1000,500,15,15,65,20,16,10,250,1,11,9,0,0,20,102774421,150,300,286,340,0,0,0,0,0,0,0,0,607,1000,0,0,0,0,0,0,0,0,0,0,0,0,0,0,0,0,0
25137,fire_poring,fire_poring,fire_poring,10,9999,2000,9999,9999,1,1000,500,15,15,65,20,16,10,250,1,9,8,0,0,20,102774421,150,300,286,340,0,0,0,0,0,0,0,0,607,1000,0,0,0,0,0,0,0,0,0,0,0,0,0,0,0,0,0
25136,Fire_Moth,Fire_Moth,Fire_Moth,10,9999,2000,9999,9999,1,1000,500,15,15,65,20,20,10,250,1,10,9,0,0,20,102774421,150,300,286,340,0,0,0,0,0,0,0,0,607,1000,0,0,0,0,0,0,0,0,0,0,0,0,0,0,0,0,0
25135,Fanta_Slime,Fanta_Slime,Fanta_Slime,10,9999,2000,9999,9999,1,1000,500,15,15,65,20,24,10,250,1,10,8,0,0,20,102774421,150,300,286,340,0,0,0,0,0,0,0,0,607,1000,0,0,0,0,0,0,0,0,0,0,0,0,0,0,0,0,0
25134,Fanta_Fish,Fanta_Fish,Fanta_Fish,10,9999,2000,9999,9999,1,1000,500,15,15,65,20,30,10,250,1,12,9,0,0,20,102774421,150,300,286,340,0,0,0,0,0,0,0,0,607,1000,0,0,0,0,0,0,0,0,0,0,0,0,0,0,0,0,0
25133,Fan_Lizard,Fan_Lizard,Fan_Lizard,10,9999,2000,9999,9999,1,1000,500,15,15,65,20,27,10,250,1,11,11,0,0,20,102774421,150,300,286,340,0,0,0,0,0,0,0,0,607,1000,0,0,0,0,0,0,0,0,0,0,0,0,0,0,0,0,0
25132,Fabilsag,Fabilsag,Fabilsag,10,9999,2000,9999,9999,1,1000,500,15,15,65,20,13,10,250,1,8,8,0,0,20,102774421,150,300,286,340,0,0,0,0,0,0,0,0,607,1000,0,0,0,0,0,0,0,0,0,0,0,0,0,0,0,0,0
25131,Electric_Snail,Electric_Snail,Electric_Snail,10,9999,2000,9999,9999,1,1000,500,15,15,65,20,16,10,250,1,12,8,0,0,20,102774421,150,300,286,340,0,0,0,0,0,0,0,0,607,1000,0,0,0,0,0,0,0,0,0,0,0,0,0,0,0,0,0
25130,Egg_Specter,Egg_Specter,Egg_Specter,10,9999,2000,9999,9999,1,1000,500,15,15,65,20,11,10,250,1,11,8,0,0,20,102774421,150,300,286,340,0,0,0,0,0,0,0,0,607,1000,0,0,0,0,0,0,0,0,0,0,0,0,0,0,0,0,0
25129,Dark_Hollow,Dark_Hollow,Dark_Hollow,10,9999,2000,9999,9999,1,1000,500,15,15,65,20,20,10,250,1,12,11,0,0,20,102774421,150,300,286,340,0,0,0,0,0,0,0,0,607,1000,0,0,0,0,0,0,0,0,0,0,0,0,0,0,0,0,0
25128,Dancer_Michel,Dancer_Michel,Dancer_Michel,10,9999,2000,9999,9999,1,1000,500,15,15,65,20,15,10,250,1,12,11,0,0,20,102774421,150,300,286,340,0,0,0,0,0,0,0,0,607,1000,0,0,0,0,0,0,0,0,0,0,0,0,0,0,0,0,0
25127,Dancer_Isabelle,Dancer_Isabelle,Dancer_Isabelle,10,9999,2000,9999,9999,1,1000,500,15,15,65,20,27,10,250,1,10,8,0,0,20,102774421,150,300,286,340,0,0,0,0,0,0,0,0,607,1000,0,0,0,0,0,0,0,0,0,0,0,0,0,0,0,0,0
25126,Curse_Straw,Curse_Straw,Curse_Straw,10,9999,2000,9999,9999,1,1000,500,15,15,65,20,16,10,250,1,8,9,0,0,20,102774421,150,300,286,340,0,0,0,0,0,0,0,0,607,1000,0,0,0,0,0,0,0,0,0,0,0,0,0,0,0,0,0
25125,Cucool,Cucool,Cucool,10,9999,2000,9999,9999,1,1000,500,15,15,65,20,10,10,250,1,9,8,0,0,20,102774421,150,300,286,340,0,0,0,0,0,0,0,0,607,1000,0,0,0,0,0,0,0,0,0,0,0,0,0,0,0,0,0
25124,Crow,Crow,Crow,10,9999,2000,9999,9999,1,1000,500,15,15,65,20,15,10,250,1,8,8,0,0,20,102774421,150,300,286,340,0,0,0,0,0,0,0,0,607,1000,0,0,0,0,0,0,0,0,0,0,0,0,0,0,0,0,0
25123,Cora_Pyupyu,Cora_Pyupyu,Cora_Pyupyu,10,9999,2000,9999,9999,1,1000,500,15,15,65,20,12,10,250,1,9,11,0,0,20,102774421,150,300,286,340,0,0,0,0,0,0,0,0,607,1000,0,0,0,0,0,0,0,0,0,0,0,0,0,0,0,0,0
25122,Cone_Stone,Cone_Stone,Cone_Stone,10,9999,2000,9999,9999,1,1000,500,15,15,65,20,30,10,250,1,8,10,0,0,20,102774421,150,300,286,340,0,0,0,0,0,0,0,0,607,1000,0,0,0,0,0,0,0,0,0,0,0,0,0,0,0,0,0
25121,Cobra_Flower,Cobra_Flower,Cobra_Flower,10,9999,2000,9999,9999,1,1000,500,15,15,65,20,19,10,250,1,11,12,0,0,20,102774421,150,300,286,340,0,0,0,0,0,0,0,0,607,1000,0,0,0,0,0,0,0,0,0,0,0,0,0,0,0,0,0
25120,Clione,Clione,Clione,10,9999,2000,9999,9999,1,1000,500,15,15,65,20,15,10,250,1,12,9,0,0,20,102774421,150,300,286,340,0,0,0,0,0,0,0,0,607,1000,0,0,0,0,0,0,0,0,0,0,0,0,0,0,0,0,0
25119,Chipmunk,Chipmunk,Chipmunk,10,9999,2000,9999,9999,1,1000,500,15,15,65,20,30,10,250,1,11,12,0,0,20,102774421,150,300,286,340,0,0,0,0,0,0,0,0,607,1000,0,0,0,0,0,0,0,0,0,0,0,0,0,0,0,0,0
25118,Chimu,Chimu,Chimu,10,9999,2000,9999,9999,1,1000,500,15,15,65,20,10,10,250,1,8,11,0,0,20,102774421,150,300,286,340,0,0,0,0,0,0,0,0,607,1000,0,0,0,0,0,0,0,0,0,0,0,0,0,0,0,0,0
25117,Chickensaurus,Chickensaurus,Chickensaurus,10,9999,2000,9999,9999,1,1000,500,15,15,65,20,14,10,250,1,11,10,0,0,20,102774421,150,300,286,340,0,0,0,0,0,0,0,0,607,1000,0,0,0,0,0,0,0,0,0,0,0,0,0,0,0,0,0
25115,Chameleon_Frog,Chameleon_Frog,Chameleon_Frog,10,9999,2000,9999,9999,1,1000,500,15,15,65,20,11,10,250,1,10,12,0,0,20,102774421,150,300,286,340,0,0,0,0,0,0,0,0,607,1000,0,0,0,0,0,0,0,0,0,0,0,0,0,0,0,0,0
25114,Captain_Skull,Captain_Skull,Captain_Skull,10,9999,2000,9999,9999,1,1000,500,15,15,65,20,23,10,250,1,11,11,0,0,20,102774421,150,300,286,340,0,0,0,0,0,0,0,0,607,1000,0,0,0,0,0,0,0,0,0,0,0,0,0,0,0,0,0
25113,Captain_Norman,Captain_Norman,Captain_Norman,10,9999,2000,9999,9999,1,1000,500,15,15,65,20,30,10,250,1,11,12,0,0,20,102774421,150,300,286,340,0,0,0,0,0,0,0,0,607,1000,0,0,0,0,0,0,0,0,0,0,0,0,0,0,0,0,0
25112,Captain_Charman,Captain_Charman,Captain_Charman,10,9999,2000,9999,9999,1,1000,500,15,15,65,20,10,10,250,1,12,11,0,0,20,102774421,150,300,286,340,0,0,0,0,0,0,0,0,607,1000,0,0,0,0,0,0,0,0,0,0,0,0,0,0,0,0,0
25111,Captain_Arman,Captain_Arman,Captain_Arman,10,9999,2000,9999,9999,1,1000,500,15,15,65,20,14,10,250,1,10,10,0,0,20,102774421,150,300,286,340,0,0,0,0,0,0,0,0,607,1000,0,0,0,0,0,0,0,0,0,0,0,0,0,0,0,0,0
25110,Cannon_Shell,Cannon_Shell,Cannon_Shell,10,9999,2000,9999,9999,1,1000,500,15,15,65,20,30,10,250,1,8,8,0,0,20,102774421,150,300,286,340,0,0,0,0,0,0,0,0,607,1000,0,0,0,0,0,0,0,0,0,0,0,0,0,0,0,0,0
25109,Bustshell,Bustshell,Bustshell,10,9999,2000,9999,9999,1,1000,500,15,15,65,20,16,10,250,1,9,12,0,0,20,102774421,150,300,286,340,0,0,0,0,0,0,0,0,607,1000,0,0,0,0,0,0,0,0,0,0,0,0,0,0,0,0,0
25108,Bug_Bear,Bug_Bear,Bug_Bear,10,9999,2000,9999,9999,1,1000,500,15,15,65,20,21,10,250,1,12,9,0,0,20,102774421,150,300,286,340,0,0,0,0,0,0,0,0,607,1000,0,0,0,0,0,0,0,0,0,0,0,0,0,0,0,0,0
25107,Bron_G,Bron_G,Bron_G,10,9999,2000,9999,9999,1,1000,500,15,15,65,20,25,10,250,1,8,10,0,0,20,102774421,150,300,286,340,0,0,0,0,0,0,0,0,607,1000,0,0,0,0,0,0,0,0,0,0,0,0,0,0,0,0,0
25106,Bell,Bell,Bell,10,9999,2000,9999,9999,1,1000,500,15,15,65,20,12,10,250,1,10,10,0,0,20,102774421,150,300,286,340,0,0,0,0,0,0,0,0,607,1000,0,0,0,0,0,0,0,0,0,0,0,0,0,0,0,0,0
25105,Beast_Vincento,Beast_Vincento,Beast_Vincento,10,9999,2000,9999,9999,1,1000,500,15,15,65,20,19,10,250,1,8,12,0,0,20,102774421,150,300,286,340,0,0,0,0,0,0,0,0,607,1000,0,0,0,0,0,0,0,0,0,0,0,0,0,0,0,0,0
25104,Bad_Fury,Bad_Fury,Bad_Fury,10,9999,2000,9999,9999,1,1000,500,15,15,65,20,27,10,250,1,12,10,0,0,20,102774421,150,300,286,340,0,0,0,0,0,0,0,0,607,1000,0,0,0,0,0,0,0,0,0,0,0,0,0,0,0,0,0
25103,Armor_Squirt,Armor_Squirt,Armor_Squirt,10,9999,2000,9999,9999,1,1000,500,15,15,65,20,26,10,250,1,10,9,0,0,20,102774421,150,300,286,340,0,0,0,0,0,0,0,0,607,1000,0,0,0,0,0,0,0,0,0,0,0,0,0,0,0,0,0
2131,LOST_DRAGON,Lost Dragon,Lost Dragon,65,608920,0,12000,12000,3,800,950,60,51,140,81,69,122,98,61,15,15,2,9,67,13973,150,840,648,576,15000,0,0,0,0,0,0,0,0,0,0,0,0,0,0,0,0,0,0,0,0,0,0,0,0,0,0
2132,POM_SPIDER,Pom Spider,Pom Spider,5,169,1,10,11,1,10,6,0,0,1,4,8,10,17,5,15,15,1,4,62,4233,200,1000,1056,576,0,0,0,0,0,0,0,0,0,0,0,0,0,0,0,0,0,0,0,0,0,0,0,0,0,0,0
2133,ANGRA_MANTIS,Angra Mantis,Angra Mantis,3,90,1,6,5,1,8,12,0,0,1,4,8,5,12,0,15,15,1,4,42,4233,120,1200,480,480,0,0,0,0,0,0,0,0,0,0,0,0,0,0,0,0,0,0,0,0,0,0,0,0,0,0,0
2134,PARUS,Parus,Parus,2,63,1,3,5,1,8,11,0,0,1,2,4,0,7,5,15,15,0,2,42,4233,180,1500,792,432,0,0,0,0,0,0,0,0,0,0,0,0,0,0,0,0,0,0,0,0,0,0,0,0,0,0,0
2135,CREEPER,Creeper,Creeper,2,300,1,6,8,1,7,2,0,20,1,1,1,0,1,20,15,15,1,3,22,4233,400,1500,192,576,0,0,0,0,0,0,0,0,0,0,0,0,0,0,0,0,0,0,0,0,0,0,0,0,0,0,0
2136,LITTLE_FATUM,Little Fatum,Little Fatum,3,92,1,6,5,1,9,14,0,0,1,13,5,0,13,10,15,15,0,7,44,4233,100,1600,300,432,0,0,0,0,0,0,0,0,0,0,0,0,0,0,0,0,0,0,0,0,0,0,0,0,0,0,0
2137,MIMING,Miming,Miming,2,60,1,5,2,1,8,6,0,10,1,1,8,30,9,4,15,15,0,0,20,4233,100,1600,1140,800,0,0,0,0,0,0,0,0,0,0,0,0,0,0,0,0,0,0,0,0,0,0,0,0,0,0,0
2138,NYDHOG_MEMORY1_1,Nydhogg's Memory,Nydhoggur Memory,4,67,1,5,4,1,10,13,10,0,1,10,4,5,12,2,15,15,0,0,20,353,200,1248,576,1248,0,0,0,0,0,0,0,0,0,0,0,0,0,0,0,0,0,0,0,0,0,0,0,0,0,0,0
2139,NYDHOG_MEMORY1_2,Nydhogg's Memory,Nydhoggur Memory,5,133,1,6,5,1,11,14,0,5,1,5,5,5,10,5,15,15,0,0,20,353,200,1248,576,1248,0,0,0,0,0,0,0,0,0,0,0,0,0,0,0,0,0,0,0,0,0,0,0,0,0,0,0
2140,NYDHOG_MEMORY2_1,Nydhogg's Memory,Nydhoggur Memory,12,405,1,45,32,1,26,35,0,25,1,12,24,0,36,15,15,15,0,0,20,353,200,1248,576,1248,0,0,0,0,0,0,0,0,0,0,0,0,0,0,0,0,0,0,0,0,0,0,0,0,0,0,0
2141,NYDHOG_MEMORY2_2,Nydhogg's Memory,Nydhoggur Memory,24,1400,1,408,160,1,104,126,10,5,1,24,48,25,34,10,15,15,0,0,20,353,200,1248,576,1248,0,0,0,0,0,0,0,0,0,0,0,0,0,0,0,0,0,0,0,0,0,0,0,0,0,0,0
2142,NYDHOG_MEMORY3_1,Nydhogg's Memory,Nydhoggur Memory,14,426,1,59,40,1,42,51,5,0,1,14,28,5,46,5,15,15,0,0,20,353,200,1248,576,1248,0,0,0,0,0,0,0,0,0,0,0,0,0,0,0,0,0,0,0,0,0,0,0,0,0,0,0
2143,NYDHOG_MEMORY3_2,Nydhogg's Memory,Nydhoggur Memory,14,344,1,81,44,1,60,72,0,10,1,14,14,0,19,15,15,15,0,0,20,353,200,1248,576,1248,0,0,0,0,0,0,0,0,0,0,0,0,0,0,0,0,0,0,0,0,0,0,0,0,0,0,0
2144,G_ANTLER_SCARABA,Antler Scaraba,Antler Scaraba,3,420,1,4,4,1,13,15,20,20,1,1,1,0,1,20,15,15,1,4,42,14725,200,504,624,360,0,0,0,0,0,0,0,0,0,0,0,0,0,0,0,0,0,0,0,0,0,0,0,0,0,0,0
2145,G_RAKE_SCARABA,Rake Scaraba,Rake Scaraba,4,48,1,8,4,1,13,17,20,0,1,6,4,0,14,20,15,15,1,4,42,14725,150,588,768,480,0,0,0,0,0,0,0,0,0,0,0,0,0,0,0,0,0,0,0,0,0,0,0,0,0,0,0
2146,G_S_NYDHOG,G_S_NYDHOG,Shade of Dragon,3,80,0,4,3,2,9,12,0,0,1,3,3,5,10,30,15,15,2,9,87,14261,150,1596,1620,864,0,0,0,0,0,0,0,0,0,0,0,0,0,0,0,0,0,0,0,0,0,0,0,0,0,0,0
2147,E_WHITE_PLANT,White Plant,White Plant,4,83,1,5,4,1,8,11,20,0,1,3,3,10,11,20,15,15,1,3,21,131,400,1872,672,480,0,0,0,0,0,0,0,0,0,0,0,0,0,0,0,0,0,0,0,0,0,0,0,0,0,0,0
2148,E_BLUE_PLANT,Blue Plant,Blue Plant,6,126,1,17,5,1,18,24,5,0,1,6,6,0,11,0,15,15,1,3,21,131,400,1872,672,480,0,0,0,0,0,0,0,0,0,0,0,0,0,0,0,0,0,0,0,0,0,0,0,0,0,0,0
2149,E_SAVAGE_BABE,Savage Babe,Savage Babe,9,198,1,20,16,1,24,29,5,10,1,9,18,10,14,15,15,15,1,3,21,131,400,1872,672,480,0,0,0,0,0,0,0,0,0,0,0,0,0,0,0,0,0,0,0,0,0,0,0,0,0,0,0
2150,WATERMELON,Watermelon,Ripe Watermelon,10,170,0,35,18,1,33,40,5,5,1,15,10,5,23,5,15,15,1,3,21,64,2000,1,1,1,0,0,0,0,0,0,0,0,0,0,0,0,0,0,100,0,0,0,0,0,0,0,0,0,0,0,0
2210,XMAS_LUNATIC,Xmas Lunatic,Christmas Snow Rabbit,1,60,1,27,20,1,8,9,2,5,6,1,1,0,6,5,15,15,1,3,21,131,400,1872,672,480,0,0,0,0,0,0,0,0,0,0,0,0,0,0,0,0,0,0,0,0,0,0,0,0,0,0,0
2313,TIKBALANG,Tikbalang,Tikbalang,115,22131,1,1756,1351,1,781,896,84,34,71,52,84,44,64,46,15,15,2,2,64,14229,130,1064,936,360,0,0,0,0,0,0,0,0,0,984,10,0,0,0,0,0,0,0,0,0,0,0,0,0,0,0,0
2398,LITTLE_PORING,Little Poring,Little Poring,1,40,1,18,10,1,8,9,2,5,6,1,1,0,6,5,15,15,0,3,21,131,400,1872,672,480,0,0,0,0,0,0,0,909,9000,1202,100,938,1000,512,5000,507,1000,512,500,507,1000,0,0,0,0,0,0
2363,MENBLATT,Menblatt,Menblatt,143,82200,1,4150,3421,3,816,1017,79,50,70,68,40,55,108,30,15,15,1,4,44,14229,145,472,1056,480,0,0,0,0,0,0,0,512,4000,7168,2000,7163,4608,0,0,0,0,0,0,0,0,0,0,0,0,0,0
2364,PETAL,Petal,Petal,141,81031,1,4058,3361,1,671,844,73,33,70,82,55,45,108,25,15,15,1,2,24,14229,200,1500,768,480,0,0,0,0,0,0,0,512,4000,12346,2000,1026,2000,6089,500,0,0,0,0,0,0,0,0,0,0,0,0
2365,CENERE,Cenere,Cenere,146,130131,1,7117,5712,1,1802,2833,87,81,67,39,30,35,95,45,15,15,0,3,24,14229,300,1500,720,360,0,0,0,0,0,0,0,512,4000,7322,1000,7001,3000,7320,2000,0,0,0,0,0,0,0,0,0,0,0,0
2366,ANTIQUE_BOOK,Antique Book,Antique Book,148,134615,1,7225,5870,1,1861,3074,74,42,67,53,32,44,125,5,15,15,0,0,60,14229,150,864,960,480,0,0,0,0,0,0,0,512,4000,7015,2000,1097,2000,0,0,0,0,0,0,0,0,0,0,0,0,0,0
2367,LICHTERN_B,Blue Lichtern,Lichtern,149,131211,1,7187,5701,1,1513,2923,76,41,124,74,60,55,92,50,15,15,0,0,81,14229,150,480,1728,480,0,0,0,0,0,0,0,1000,2000,1001,2000,995,40,512,10,0,0,0,0,0,0,0,0,0,0,0,0
2368,LICHTERN_Y,Yellow Lichtern,Lichtern,147,131513,1,7071,5810,1,1416,2977,84,51,141,94,75,91,144,50,15,15,0,0,88,14229,150,0,3456,480,0,0,0,0,0,0,0,1000,2000,1001,2000,997,40,512,10,0,0,0,0,0,0,0,0,0,0,0,0
2369,LICHTERN_R,Red Lichtern,Lichtern,149,135718,1,7201,6013,1,1647,3096,111,53,147,77,66,65,133,50,15,15,0,0,83,14229,150,0,4032,480,0,0,0,0,0,0,0,1000,2000,1001,2000,994,40,512,10,0,0,0,0,0,0,0,0,0,0,0,0
2370,LICHTERN_G,Green Lichtern,Lichtern,151,133451,1,7214,5710,1,1547,3141,120,57,121,60,58,62,102,50,15,15,0,0,82,14229,100,0,2304,480,0,0,0,0,0,0,0,1000,2000,1001,2000,996,40,512,10,0,0,0,0,0,0,0,0,0,0,0,0
2371,FAITHFUL_MANAGER,Faithful Manager,Faithful Manager,155,151548,1,8676,6501,3,2091,3698,204,141,80,28,40,25,88,45,15,15,2,0,80,14229,200,480,1536,480,0,0,0,0,0,0,0,512,4000,12353,2000,970,50,971,50,0,0,0,0,0,0,0,0,0,0,0,0
25102,Arachne,Arachne,Arachne,10,9999,2000,9999,9999,1,1000,500,15,15,65,20,17,10,250,1,9,9,0,0,20,102774421,150,300,286,340,0,0,0,0,0,0,0,0,607,1000,0,0,0,0,0,0,0,0,0,0,0,0,0,0,0,0,0
25101,Aposis,Aposis,Aposis,10,9999,2000,9999,9999,1,1000,500,15,15,65,20,22,10,250,1,11,8,0,0,20,102774421,150,300,286,340,0,0,0,0,0,0,0,0,607,1000,0,0,0,0,0,0,0,0,0,0,0,0,0,0,0,0,0
25100,Addax,Addax,Addax,10,9999,2000,9999,9999,1,1000,500,15,15,65,20,26,10,250,1,10,8,0,0,20,102774421,150,300,286,340,0,0,0,0,0,0,0,0,607,1000,0,0,0,0,0,0,0,0,0,0,0,0,0,0,0,0,0
25182,Mummy_,Mummy_,Mummy_,10,9999,2000,9999,9999,1,1000,500,15,15,65,20,13,10,250,1,10,8,0,0,20,102774421,150,300,286,340,0,0,0,0,0,0,0,0,607,1000,0,0,0,0,0,0,0,0,0,0,0,0,0,0,0,0,0
25183,Mushumushu,Mushumushu,Mushumushu,10,9999,2000,9999,9999,1,1000,500,15,15,65,20,18,10,250,1,10,12,0,0,20,102774421,150,300,286,340,0,0,0,0,0,0,0,0,607,1000,0,0,0,0,0,0,0,0,0,0,0,0,0,0,0,0,0
25184,Myconid,Myconid,Myconid,10,9999,2000,9999,9999,1,1000,500,15,15,65,20,21,10,250,1,10,12,0,0,20,102774421,150,300,286,340,0,0,0,0,0,0,0,0,607,1000,0,0,0,0,0,0,0,0,0,0,0,0,0,0,0,0,0
25185,Naranjo,Naranjo,Naranjo,10,9999,2000,9999,9999,1,1000,500,15,15,65,20,22,10,250,1,8,11,0,0,20,102774421,150,300,286,340,0,0,0,0,0,0,0,0,607,1000,0,0,0,0,0,0,0,0,0,0,0,0,0,0,0,0,0
25186,Nephthys,Nephthys,Nephthys,10,9999,2000,9999,9999,1,1000,500,15,15,65,20,15,10,250,1,9,10,0,0,20,102774421,150,300,286,340,0,0,0,0,0,0,0,0,607,1000,0,0,0,0,0,0,0,0,0,0,0,0,0,0,0,0,0
25187,Nora_Big,Nora_Big,Nora_Big,10,9999,2000,9999,9999,1,1000,500,15,15,65,20,22,10,250,1,11,11,0,0,20,102774421,150,300,286,340,0,0,0,0,0,0,0,0,607,1000,0,0,0,0,0,0,0,0,0,0,0,0,0,0,0,0,0
25188,Nora_Joe,Nora_Joe,Nora_Joe,10,9999,2000,9999,9999,1,1000,500,15,15,65,20,11,10,250,1,11,12,0,0,20,102774421,150,300,286,340,0,0,0,0,0,0,0,0,607,1000,0,0,0,0,0,0,0,0,0,0,0,0,0,0,0,0,0
25189,Nora_Mummy,Nora_Mummy,Nora_Mummy,10,9999,2000,9999,9999,1,1000,500,15,15,65,20,24,10,250,1,11,10,0,0,20,102774421,150,300,286,340,0,0,0,0,0,0,0,0,607,1000,0,0,0,0,0,0,0,0,0,0,0,0,0,0,0,0,0
25190,Octopus,Octopus,Octopus,10,9999,2000,9999,9999,1,1000,500,15,15,65,20,12,10,250,1,9,12,0,0,20,102774421,150,300,286,340,0,0,0,0,0,0,0,0,607,1000,0,0,0,0,0,0,0,0,0,0,0,0,0,0,0,0,0
25191,Officer_Kille,Officer_Kille,Officer_Kille,10,9999,2000,9999,9999,1,1000,500,15,15,65,20,23,10,250,1,8,9,0,0,20,102774421,150,300,286,340,0,0,0,0,0,0,0,0,607,1000,0,0,0,0,0,0,0,0,0,0,0,0,0,0,0,0,0
25192,Okto,Okto,Okto,10,9999,2000,9999,9999,1,1000,500,15,15,65,20,28,10,250,1,10,11,0,0,20,102774421,150,300,286,340,0,0,0,0,0,0,0,0,607,1000,0,0,0,0,0,0,0,0,0,0,0,0,0,0,0,0,0
25193,Penguin,Penguin,Penguin,10,9999,2000,9999,9999,1,1000,500,15,15,65,20,18,10,250,1,8,8,0,0,20,102774421,150,300,286,340,0,0,0,0,0,0,0,0,607,1000,0,0,0,0,0,0,0,0,0,0,0,0,0,0,0,0,0
25194,Pineapple,Pineapple,Pineapple,10,9999,2000,9999,9999,1,1000,500,15,15,65,20,19,10,250,1,9,9,0,0,20,102774421,150,300,286,340,0,0,0,0,0,0,0,0,607,1000,0,0,0,0,0,0,0,0,0,0,0,0,0,0,0,0,0
25195,Pirate_Boxer,Pirate_Boxer,Pirate_Boxer,10,9999,2000,9999,9999,1,1000,500,15,15,65,20,29,10,250,1,11,9,0,0,20,102774421,150,300,286,340,0,0,0,0,0,0,0,0,607,1000,0,0,0,0,0,0,0,0,0,0,0,0,0,0,0,0,0
25196,Pirate_Ghost,Pirate_Ghost,Pirate_Ghost,10,9999,2000,9999,9999,1,1000,500,15,15,65,20,16,10,250,1,9,10,0,0,20,102774421,150,300,286,340,0,0,0,0,0,0,0,0,607,1000,0,0,0,0,0,0,0,0,0,0,0,0,0,0,0,0,0
25197,Plug_Bat,Plug_Bat,Plug_Bat,10,9999,2000,9999,9999,1,1000,500,15,15,65,20,24,10,250,1,8,11,0,0,20,102774421,150,300,286,340,0,0,0,0,0,0,0,0,607,1000,0,0,0,0,0,0,0,0,0,0,0,0,0,0,0,0,0
25198,Pochi,Pochi,Pochi,10,9999,2000,9999,9999,1,1000,500,15,15,65,20,21,10,250,1,12,10,0,0,20,102774421,150,300,286,340,0,0,0,0,0,0,0,0,607,1000,0,0,0,0,0,0,0,0,0,0,0,0,0,0,0,0,0
25199,Popeyed_Anemone,Popeyed_Anemone,Popeyed_Anemone,10,9999,2000,9999,9999,1,1000,500,15,15,65,20,25,10,250,1,8,8,0,0,20,102774421,150,300,286,340,0,0,0,0,0,0,0,0,607,1000,0,0,0,0,0,0,0,0,0,0,0,0,0,0,0,0,0
25200,Predator,Predator,Predator,10,9999,2000,9999,9999,1,1000,500,15,15,65,20,11,10,250,1,11,10,0,0,20,102774421,150,300,286,340,0,0,0,0,0,0,0,0,607,1000,0,0,0,0,0,0,0,0,0,0,0,0,0,0,0,0,0
25201,Purple_Worm,Purple_Worm,Purple_Worm,10,9999,2000,9999,9999,1,1000,500,15,15,65,20,12,10,250,1,8,10,0,0,20,102774421,150,300,286,340,0,0,0,0,0,0,0,0,607,1000,0,0,0,0,0,0,0,0,0,0,0,0,0,0,0,0,0
25202,Queen_Mummy,Queen_Mummy,Queen_Mummy,10,9999,2000,9999,9999,1,1000,500,15,15,65,20,18,10,250,1,8,11,0,0,20,102774421,150,300,286,340,0,0,0,0,0,0,0,0,607,1000,0,0,0,0,0,0,0,0,0,0,0,0,0,0,0,0,0
25203,Quiem,Quiem,Quiem,10,9999,2000,9999,9999,1,1000,500,15,15,65,20,24,10,250,1,9,10,0,0,20,102774421,150,300,286,340,0,0,0,0,0,0,0,0,607,1000,0,0,0,0,0,0,0,0,0,0,0,0,0,0,0,0,0
25204,Real_Golden_Mole,Real_Golden_Mole,Real_Golden_Mole,10,9999,2000,9999,9999,1,1000,500,15,15,65,20,14,10,250,1,12,11,0,0,20,102774421,150,300,286,340,0,0,0,0,0,0,0,0,607,1000,0,0,0,0,0,0,0,0,0,0,0,0,0,0,0,0,0
25205,Requi,Requi,Requi,10,9999,2000,9999,9999,1,1000,500,15,15,65,20,11,10,250,1,11,8,0,0,20,102774421,150,300,286,340,0,0,0,0,0,0,0,0,607,1000,0,0,0,0,0,0,0,0,0,0,0,0,0,0,0,0,0
25206,Roaster,Roaster,Roaster,10,9999,2000,9999,9999,1,1000,500,15,15,65,20,23,10,250,1,8,12,0,0,20,102774421,150,300,286,340,0,0,0,0,0,0,0,0,607,1000,0,0,0,0,0,0,0,0,0,0,0,0,0,0,0,0,0
25207,Sand_Demon,Sand_Demon,Sand_Demon,10,9999,2000,9999,9999,1,1000,500,15,15,65,20,10,10,250,1,8,8,0,0,20,102774421,150,300,286,340,0,0,0,0,0,0,0,0,607,1000,0,0,0,0,0,0,0,0,0,0,0,0,0,0,0,0,0
25208,Savage_Mimic,Savage_Mimic,Savage_Mimic,10,9999,2000,9999,9999,1,1000,500,15,15,65,20,13,10,250,1,8,10,0,0,20,102774421,150,300,286,340,0,0,0,0,0,0,0,0,607,1000,0,0,0,0,0,0,0,0,0,0,0,0,0,0,0,0,0
25209,Sea_Dragon,Sea_Dragon,Sea_Dragon,10,9999,2000,9999,9999,1,1000,500,15,15,65,20,27,10,250,1,9,11,0,0,20,102774421,150,300,286,340,0,0,0,0,0,0,0,0,607,1000,0,0,0,0,0,0,0,0,0,0,0,0,0,0,0,0,0
25210,Sea_Elephant,Sea_Elephant,Sea_Elephant,10,9999,2000,9999,9999,1,1000,500,15,15,65,20,24,10,250,1,9,11,0,0,20,102774421,150,300,286,340,0,0,0,0,0,0,0,0,607,1000,0,0,0,0,0,0,0,0,0,0,0,0,0,0,0,0,0
25211,Sea_Hyena,Sea_Hyena,Sea_Hyena,10,9999,2000,9999,9999,1,1000,500,15,15,65,20,30,10,250,1,9,11,0,0,20,102774421,150,300,286,340,0,0,0,0,0,0,0,0,607,1000,0,0,0,0,0,0,0,0,0,0,0,0,0,0,0,0,0
25212,Sea_Scorpion,Sea_Scorpion,Sea_Scorpion,10,9999,2000,9999,9999,1,1000,500,15,15,65,20,26,10,250,1,12,8,0,0,20,102774421,150,300,286,340,0,0,0,0,0,0,0,0,607,1000,0,0,0,0,0,0,0,0,0,0,0,0,0,0,0,0,0
25213,Sea_Spirit,Sea_Spirit,Sea_Spirit,10,9999,2000,9999,9999,1,1000,500,15,15,65,20,29,10,250,1,8,12,0,0,20,102774421,150,300,286,340,0,0,0,0,0,0,0,0,607,1000,0,0,0,0,0,0,0,0,0,0,0,0,0,0,0,0,0
25214,Sea_Tiger,Sea_Tiger,Sea_Tiger,10,9999,2000,9999,9999,1,1000,500,15,15,65,20,18,10,250,1,8,12,0,0,20,102774421,150,300,286,340,0,0,0,0,0,0,0,0,607,1000,0,0,0,0,0,0,0,0,0,0,0,0,0,0,0,0,0
25215,Seth,Seth,Seth,10,9999,2000,9999,9999,1,1000,500,15,15,65,20,11,10,250,1,9,10,0,0,20,102774421,150,300,286,340,0,0,0,0,0,0,0,0,607,1000,0,0,0,0,0,0,0,0,0,0,0,0,0,0,0,0,0
25216,Shell_Trap,Shell_Trap,Shell_Trap,10,9999,2000,9999,9999,1,1000,500,15,15,65,20,15,10,250,1,9,10,0,0,20,102774421,150,300,286,340,0,0,0,0,0,0,0,0,607,1000,0,0,0,0,0,0,0,0,0,0,0,0,0,0,0,0,0
25217,Simbatta,Simbatta,Simbatta,10,9999,2000,9999,9999,1,1000,500,15,15,65,20,12,10,250,1,10,11,0,0,20,102774421,150,300,286,340,0,0,0,0,0,0,0,0,607,1000,0,0,0,0,0,0,0,0,0,0,0,0,0,0,0,0,0
25218,Siremaid,Siremaid,Siremaid,10,9999,2000,9999,9999,1,1000,500,15,15,65,20,26,10,250,1,9,9,0,0,20,102774421,150,300,286,340,0,0,0,0,0,0,0,0,607,1000,0,0,0,0,0,0,0,0,0,0,0,0,0,0,0,0,0
25219,Slithis,Slithis,Slithis,10,9999,2000,9999,9999,1,1000,500,15,15,65,20,20,10,250,1,11,8,0,0,20,102774421,150,300,286,340,0,0,0,0,0,0,0,0,607,1000,0,0,0,0,0,0,0,0,0,0,0,0,0,0,0,0,0
25220,Snowkid,Snowkid,Snowkid,10,9999,2000,9999,9999,1,1000,500,15,15,65,20,15,10,250,1,12,11,0,0,20,102774421,150,300,286,340,0,0,0,0,0,0,0,0,607,1000,0,0,0,0,0,0,0,0,0,0,0,0,0,0,0,0,0
25221,Snowman,Snowman,Snowman,10,9999,2000,9999,9999,1,1000,500,15,15,65,20,25,10,250,1,8,9,0,0,20,102774421,150,300,286,340,0,0,0,0,0,0,0,0,607,1000,0,0,0,0,0,0,0,0,0,0,0,0,0,0,0,0,0
25222,Soul_Taker,Soul_Taker,Soul_Taker,10,9999,2000,9999,9999,1,1000,500,15,15,65,20,27,10,250,1,12,12,0,0,20,102774421,150,300,286,340,0,0,0,0,0,0,0,0,607,1000,0,0,0,0,0,0,0,0,0,0,0,0,0,0,0,0,0
25223,Sphinx,Sphinx,Sphinx,10,9999,2000,9999,9999,1,1000,500,15,15,65,20,10,10,250,1,10,12,0,0,20,102774421,150,300,286,340,0,0,0,0,0,0,0,0,607,1000,0,0,0,0,0,0,0,0,0,0,0,0,0,0,0,0,0
25224,Spicy_Dragon,Spicy_Dragon,Spicy_Dragon,10,9999,2000,9999,9999,1,1000,500,15,15,65,20,20,10,250,1,8,11,0,0,20,102774421,150,300,286,340,0,0,0,0,0,0,0,0,607,1000,0,0,0,0,0,0,0,0,0,0,0,0,0,0,0,0,0
25225,Sppo,Sppo,Sppo,10,9999,2000,9999,9999,1,1000,500,15,15,65,20,22,10,250,1,12,11,0,0,20,102774421,150,300,286,340,0,0,0,0,0,0,0,0,607,1000,0,0,0,0,0,0,0,0,0,0,0,0,0,0,0,0,0
25226,Standing_Salamander,Standing_Salamander,Standing_Salamander,10,9999,2000,9999,9999,1,1000,500,15,15,65,20,19,10,250,1,12,12,0,0,20,102774421,150,300,286,340,0,0,0,0,0,0,0,0,607,1000,0,0,0,0,0,0,0,0,0,0,0,0,0,0,0,0,0
25227,Stone_Soldier,Stone_Soldier,Stone_Soldier,10,9999,2000,9999,9999,1,1000,500,15,15,65,20,18,10,250,1,8,12,0,0,20,102774421,150,300,286,340,0,0,0,0,0,0,0,0,607,1000,0,0,0,0,0,0,0,0,0,0,0,0,0,0,0,0,0
25228,Sulaphat,Sulaphat,Sulaphat,10,9999,2000,9999,9999,1,1000,500,15,15,65,20,24,10,250,1,9,10,0,0,20,102774421,150,300,286,340,0,0,0,0,0,0,0,0,607,1000,0,0,0,0,0,0,0,0,0,0,0,0,0,0,0,0,0
25229,Super_Golden_Mole,Super_Golden_Mole,Super_Golden_Mole,10,9999,2000,9999,9999,1,1000,500,15,15,65,20,15,10,250,1,10,9,0,0,20,102774421,150,300,286,340,0,0,0,0,0,0,0,0,607,1000,0,0,0,0,0,0,0,0,0,0,0,0,0,0,0,0,0
25230,Swamp_Shark,Swamp_Shark,Swamp_Shark,10,9999,2000,9999,9999,1,1000,500,15,15,65,20,13,10,250,1,12,9,0,0,20,102774421,150,300,286,340,0,0,0,0,0,0,0,0,607,1000,0,0,0,0,0,0,0,0,0,0,0,0,0,0,0,0,0
25231,Thiefmon,Thiefmon,Thiefmon,10,9999,2000,9999,9999,1,1000,500,15,15,65,20,13,10,250,1,11,10,0,0,20,102774421,150,300,286,340,0,0,0,0,0,0,0,0,607,1000,0,0,0,0,0,0,0,0,0,0,0,0,0,0,0,0,0
25232,Tink,Tink,Tink,10,9999,2000,9999,9999,1,1000,500,15,15,65,20,15,10,250,1,12,10,0,0,20,102774421,150,300,286,340,0,0,0,0,0,0,0,0,607,1000,0,0,0,0,0,0,0,0,0,0,0,0,0,0,0,0,0
25233,Tobeth,Tobeth,Tobeth,10,9999,2000,9999,9999,1,1000,500,15,15,65,20,29,10,250,1,8,11,0,0,20,102774421,150,300,286,340,0,0,0,0,0,0,0,0,607,1000,0,0,0,0,0,0,0,0,0,0,0,0,0,0,0,0,0
25234,Tooth_Flower,Tooth_Flower,Tooth_Flower,10,9999,2000,9999,9999,1,1000,500,15,15,65,20,25,10,250,1,11,9,0,0,20,102774421,150,300,286,340,0,0,0,0,0,0,0,0,607,1000,0,0,0,0,0,0,0,0,0,0,0,0,0,0,0,0,0
25235,Torobbie,Torobbie,Torobbie,10,9999,2000,9999,9999,1,1000,500,15,15,65,20,29,10,250,1,9,11,0,0,20,102774421,150,300,286,340,0,0,0,0,0,0,0,0,607,1000,0,0,0,0,0,0,0,0,0,0,0,0,0,0,0,0,0
25236,Torpedo_Fish,Torpedo_Fish,Torpedo_Fish,10,9999,2000,9999,9999,1,1000,500,15,15,65,20,17,10,250,1,11,10,0,0,20,102774421,150,300,286,340,0,0,0,0,0,0,0,0,607,1000,0,0,0,0,0,0,0,0,0,0,0,0,0,0,0,0,0
25237,Tottochi,Tottochi,Tottochi,10,9999,2000,9999,9999,1,1000,500,15,15,65,20,10,10,250,1,12,8,0,0,20,102774421,150,300,286,340,0,0,0,0,0,0,0,0,607,1000,0,0,0,0,0,0,0,0,0,0,0,0,0,0,0,0,0
25238,Tritch,Tritch,Tritch,10,6666,2000,0,0,1,400,500,15,15,65,20,10,10,150,1,11,11,0,0,20,102774421,220,300,286,340,0,0,0,0,0,0,0,0,0,0,0,0,0,0,0,0,0,0,0,0,0,0,0,0,0,0,0
25239,Turvy,Turvy,Turvy,10,9999,2000,9999,9999,1,1000,500,15,15,65,20,13,10,250,1,8,11,0,0,20,102774421,150,300,286,340,0,0,0,0,0,0,0,0,607,1000,0,0,0,0,0,0,0,0,0,0,0,0,0,0,0,0,0
25240,Tutankhamen,Tutankhamen,Tutankhamen,10,9999,2000,9999,9999,1,1000,500,15,15,65,20,24,10,250,1,8,9,0,0,20,102774421,150,300,286,340,0,0,0,0,0,0,0,0,607,1000,0,0,0,0,0,0,0,0,0,0,0,0,0,0,0,0,0
25241,Ugly_Corpse,Ugly_Corpse,Ugly_Corpse,10,9999,2000,9999,9999,1,1000,500,15,15,65,20,28,10,250,1,10,8,0,0,20,102774421,150,300,286,340,0,0,0,0,0,0,0,0,607,1000,0,0,0,0,0,0,0,0,0,0,0,0,0,0,0,0,0
25242,Uraeus,Uraeus,Uraeus,10,9999,2000,9999,9999,1,1000,500,15,15,65,20,16,10,250,1,9,8,0,0,20,102774421,150,300,286,340,0,0,0,0,0,0,0,0,607,1000,0,0,0,0,0,0,0,0,0,0,0,0,0,0,0,0,0
25243,Water_Weed_Witch,Water_Weed_Witch,Water_Weed_Witch,10,9999,2000,9999,9999,1,1000,500,15,15,65,20,29,10,250,1,12,8,0,0,20,102774421,150,300,286,340,0,0,0,0,0,0,0,0,607,1000,0,0,0,0,0,0,0,0,0,0,0,0,0,0,0,0,0
25244,Werepot,Werepot,Werepot,10,9999,2000,9999,9999,1,1000,500,15,15,65,20,26,10,250,1,10,9,0,0,20,102774421,150,300,286,340,0,0,0,0,0,0,0,0,607,1000,0,0,0,0,0,0,0,0,0,0,0,0,0,0,0,0,0
25245,Wing_Salamander,Wing_Salamander,Wing_Salamander,10,9999,2000,9999,9999,1,1000,500,15,15,65,20,13,10,250,1,12,12,0,0,20,102774421,150,300,286,340,0,0,0,0,0,0,0,0,607,1000,0,0,0,0,0,0,0,0,0,0,0,0,0,0,0,0,0
2100,BG_ARCHER_GUARDIAN,Archer Guardian,Archer Guardian,74,128634,0,1,1,12,1120,1600,35,60,95,80,80,90,165,55,14,16,2,7,80,0x6281E85,265,1200,1200,384,0,0,0,0,0,0,0,0,0,0,0,0,0,0,0,0,0,0,0,0,0,0,0,0,0,0,0
2101,BG_KNIGHT_GUARDIAN,Knight Guardian,Knight Guardian,86,130214,0,1,1,2,1280,1560,55,30,110,40,140,65,125,65,14,16,2,7,80,0x6281E85,275,1200,1200,384,0,0,0,0,0,0,0,0,0,0,0,0,0,0,0,0,0,0,0,0,0,0,0,0,0,0,0
2102,BG_SOLDIER_GUARDIAN,Soldier Guardian,Soldier Guardian,56,115670,0,1,1,1,873,1036,35,0,85,56,100,45,103,43,10,12,0,4,22,0x6282085,265,1288,288,384,0,0,0,0,0,0,0,0,0,0,0,0,0,0,0,0,0,0,0,0,0,0,0,0,0,0,0
2103,BG_SOLDIER_GUARDIAN2,Soldier Guardian,Soldier Guardian,56,115670,0,1,1,1,873,1036,35,0,85,56,100,45,103,43,10,12,0,4,22,0x6282085,265,1288,288,384,0,0,0,0,0,0,0,0,0,0,0,0,0,0,0,0,0,0,0,0,0,0,0,0,0,0,0
2104,BG_CAPTAIN,Captain,Captain,56,215670,0,1,1,1,873,1036,35,0,85,56,100,45,103,43,10,12,0,4,22,0x6282085,265,1288,288,384,0,0,0,0,0,0,0,0,0,0,0,0,0,0,0,0,0,0,0,0,0,0,0,0,0,0,0
2105,BARRICADE_BG,Barricade,Barricade,98,60,1,0,0,1,0,0,160,99,1,17,1,80,126,20,10,12,2,0,20,0x6370000,300,1288,288,384,0,0,0,0,0,0,0,0,0,0,0,0,0,0,0,0,0,0,0,0,0,0,0,0,0,0,0
20400,Guardian_Stone,Guardian Stone,Guardian Stone,90,50,0,0,0,0,1,2,40,50,1,1,1,1,1,1,0,0,0,0,20,0x190000,300,1288,288,384,0,0,0,0,0,0,0,0,0,0,0,0,0,0,0,0,0,0,0,0,0,0,0,0,0,0,0
20401,Guardian_Stone2,Guardian Stone,Guardian Stone,90,50,0,0,0,0,1,2,40,50,1,1,1,1,1,1,0,0,0,0,20,0x190000,300,1288,288,384,0,0,0,0,0,0,0,0,0,0,0,0,0,0,0,0,0,0,0,0,0,0,0,0,0,0,0
20402,Emperium_BG,Emperium,Emperium,90,68430,0,0,0,1,60,71,40,50,1,17,80,50,26,20,10,12,0,8,26,0x6280000,300,1288,288,384,0,0,0,0,0,0,0,0,0,0,0,0,0,0,0,0,0,0,0,0,0,0,0,0,0,0,0
20403,BomberMan_Mushroom,BomberMan Mushroom,BomberMan Mushroom,1,2000,0,0,0,1,1,1,100,99,0,0,0,0,0,90,7,12,0,3,26,0x370048,2000,1,1,1,0,0,0,0,0,0,0,0,0,0,0,0,0,0,0,0,0,0,0,0,0,0,0,0,0,0,0
20404,BomberMan_Xmas,BomberMan Xmas,BomberMan Xmas,1,2000,0,0,0,1,1,1,100,99,0,0,0,0,0,90,7,12,0,3,26,0x370048,2000,1,1,1,0,0,0,0,0,0,0,0,0,0,0,0,0,0,0,0,0,0,0,0,0,0,0,0,0,0,0
3293,BomberMan_Mushroom2,BomberMan Mushroom,BomberMan Mushroom,1,2000,0,0,0,1,1,1,100,99,0,0,0,0,0,90,7,12,0,3,26,0x370048,2000,1,1,1,0,0,0,0,0,0,0,0,0,0,0,0,0,0,0,0,0,0,0,0,0,0,0,0,0,0,0
20405,BomberMan_bug,BomberMan bug,BomberMan bug,1,2000,0,0,0,1,1,1,100,99,0,0,0,0,0,90,7,12,0,3,26,0x370048,2000,1,1,1,0,0,0,0,0,0,0,0,0,0,0,0,0,0,0,0,0,0,0,0,0,0,0,0,0,0,0
20574,MD_C_WHITEKNIGHT,White Knight,White Knight,1,60,1,27,20,1,8,1,2,5,6,1,1,0,6,5,10,12,1,3,21,0x83,400,1872,672,480,0,0,0,0,0,0,0,909,7000,1202,100,938,400,512,1000,713,1500,512,150,619,20,0,0,0,0,4001,1
3805,E_HAPPY_EGG,Happy Egg,Happy Egg,2,45,1,27,20,1,12,13,16,0,8,1,1,0,6,2,10,12,1,3,23,0x83,400,1372,672,480,0,0,0,0,0,0,0,909,7500,1602,80,938,500,512,1100,713,1700,512,800,620,20,0,0,0,0,0,0
