48
51
54
57
60
64
68
72
76
80
85
90
95
100
105
111
117
123
129
135
142
149
156
163
170
178
186
194
202
210
219
228
237
246
255
265
275
285
295
305
316
327
338
349
360
372
384
396
408
420
433
446
459
472
485
499
513
527
541
555
570
585
600
615
630
646
662
678
694
710
727
744
761
778
795
813
831
849
867
885
904
923
942
961
980
1000
1020
1040
1060
1080
1101
1122
1143
1164
1185
1207
1229
1251
1273
1282
1294
1306
1319
1331
1343
1356
1368
1380
1393
1405
1417
1429
1442
1454
1466
1479
1491
1503
1516
1528
1540
1552
1565
1577
1589
1602
1614
1626
1639
1651
1663
1675
1688
1700
1712
1725
1737
1749
1762
1774
1786
1798
1811
1823
1835
1848
1860
1872
1885
1897
1909
1921
1934
1946
1958
1971
1983
1995
2008
2020
2032
2044
2057
2069
2081
2094
2106
2118
2131
2143
2155
2167
2180
2192
2204
2217
2229
2241
2254
2266
2278
2290
2303
2315
2327
2340
2352
2364
2377
2389
2401
2413
2426
2438
2450
2463
2475
2487
2500
2512
2524
2536
2549
2561
2573
2586
2598
2610
2623
2635
2647
2659
2672
2684
2696
2709
2721
2733
2746
2758
2770
2782
2795
2807
2819
2832
2844
2856
2869
2881
2893
2905
2918
2930
2942
2955
2967
2979
2992
3004
3016
3028
3041
3053
3065
3078
3090
3102
3115
3127
3139
3151
3164
3176
3180
