// Skill Requirements Database
//
// Structure of Database:
// SkillID,HPCost,MaxHPTrigger,SPCost,HPRateCost,SPRateCost,ZenyCost,RequiredWeapons,RequiredAmmoTypes,RequiredAmmoAmount,RequiredState,RequiredStatuses,SpiritSphereCost,RequiredItemID1,RequiredItemAmount1,RequiredItemID2,RequiredItemAmount2,RequiredItemID3,RequiredItemAmount3,RequiredItemID4,RequiredItemAmount4,RequiredItemID5,RequiredItemAmount5,RequiredItemID6,RequiredItemAmount6,RequiredItemID7,RequiredItemAmount7,RequiredItemID8,RequiredItemAmount8,RequiredItemID9,RequiredItemAmount9,RequiredItemID10,RequiredItemAmount10,RequiredEquipment,APCost,APRateCost
//
// If HP/SP/APratecost is positive, it is a percent of your current life, otherwise it is a percent of your max life.
//
// Legend for 'RequiredState' field:
//  none = Nothing special
//  hidden = Requires on hidden status by using Hiding, Cloaking, or maybe Chasewalk
//  riding = Requires to ride either a peco or a dragon
//  falcon = Requires a Falcon
//  cart = Requires a Pushcart (for renewal can replace this state by SC_PUSH_CART in 'RequiredStatuses' field)
//  shield = Requires a 0,shield equipped
//  recover_weight_rate = Requires to be less than 50% weight
//  move_enable = Requires to be able to move
//  water = Requires to be standing on a water cell
//  dragon = Requires to ride a Dragon
//  warg = Requires a Warg
//  ridingwarg = Requires to ride a Warg
//  mado = Requires to have an active mado
//  elementalspirit = Requires to have an Elemental Spirit summoned.
//  elementalspirit2 = Requires to have an Elemental Spirit summoned, and will be removed.
//  peco = Requires riding a peco
//
// 'RequiredStatuses'
//	Fill the value only with SC_STATUS (see db/const.txt for more details)
//	Usage for multiple status requirements: SC_STATUS1:SC_STATUS2:SC_STATUS3
//	Max. multiple value is 3 (skill.hpp: MAX_SKILL_STATUS_REQUIRE)
//	Use any number or SC_ALL will disable status requirements
// 'RequiredEquipment'
//	Specified equipment to be equipped. For multiple values, use : as delimiter.
//	Max. multiple value is 10 (skill.hpp: MAX_SKILL_EQUIP_REQUIRE)

// Dragon Knight
5201,0,0,30:40:50:60:70,0,0,0,99,0,0,none,0,0,0,0,0,0,0,0,0,0,0,0,0,0,0,0,0,0,0,0,0,0,0,0,0	//DK_SERVANTWEAPON
5202,0,0,1,0,0,0,99,0,0,none,0,0,0,0,0,0,0,0,0,0,0,0,0,0,0,0,0,0,0,0,0,0,0,0,0	//DK_SERVANTWEAPON_ATK
5203,0,0,15,0,0,0,99,0,0,none,0,1,0,0,0,0,0,0,0,0,0,0,0,0,0,0,0,0,0,0,0,0,0,0,0	//DK_SERVANT_W_SIGN
5204,0,0,40,0,0,0,99,0,0,none,0,5,0,0,0,0,0,0,0,0,0,0,0,0,0,0,0,0,0,0,0,0,0,0,0	//DK_SERVANT_W_PHANTOM
5205,0,0,30:35:40:45:50,0,0,0,99,0,0,none,0,5,0,0,0,0,0,0,0,0,0,0,0,0,0,0,0,0,0,0,0,0,0,0,0	//DK_SERVANT_W_DEMOL
5206,0,0,25:30:35:40:45:50:55:60:65:70,0,0,0,3:4:5,0,0,none,0,0,0,0,0,0,0,0,0,0,0,0,0,0,0,0,0,0,0,0,0,0,0,0,0	//DK_CHARGINGPIERCE
//5207,0,0,1,0,0,0,99,0,0,none,0,0,0,0,0,0,0,0,0,0,0,0,0,0,0,0,0,0,0,0,0,0,0,0,0	//DK_TWOHANDDEF
5208,0,0,34:38:42:46:50:54:58:62:66:70,0,0,0,3:5,0,0,none,0,0,0,0,0,0,0,0,0,0,0,0,0,0,0,0,0,0,0,0,0,0,0,0,0	//DK_HACKANDSLASHER
5209,0,0,1,0,0,0,99,0,0,none,0,0,0,0,0,0,0,0,0,0,0,0,0,0,0,0,0,0,0,0,0,0,0,0,0	//DK_HACKANDSLASHER_ATK
5210,0,0,100,0,0,0,99,0,0,none,0,0,0,0,0,0,0,0,0,0,0,0,0,0,0,0,0,0,0,0,0,0,0,150,0	//DK_DRAGONIC_AURA
5211,0,0,34:38:42:46:50,0,0,0,3:5,0,0,none,0,0,0,0,0,0,0,0,0,0,0,0,0,0,0,0,0,0,0,0,0,0,0,0,0	//DK_MADNESS_CRUSHER
5212,0,0,100,0,0,0,99,0,0,none,0,0,0,0,0,0,0,0,0,0,0,0,0,0,0,0,0,0,0,0,0,0,0,150,0	//DK_VIGOR
5213,0,0,30:35:40:45:50,0,0,0,3:7,0,0,none,0,0,0,0,0,0,0,0,0,0,0,0,0,0,0,0,0,0,0,0,0,0,0,0,0	//DK_STORMSLASH

// Arch Mage
5214,0,0,80:90:100:110:120,0,0,0,99,0,0,none,0,0,0,0,0,0,0,0,0,0,0,0,0,0,0,0,0,0,0,0,0,0,0,0,0	//AG_DEADLY_PROJECTION
5215,0,0,80:90:100:110:120,0,0,0,99,0,0,none,0,0,0,0,0,0,0,0,0,0,0,0,0,0,0,0,0,0,0,0,0,0,0,0,0	//AG_DESTRUCTIVE_HURRICANE
5216,0,0,40:50:60:70:80,0,0,0,99,0,0,none,0,0,0,0,0,0,0,0,0,0,0,0,0,0,0,0,0,0,0,0,0,0,0,0,0	//AG_RAIN_OF_CRYSTAL
5217,0,0,80:90:100:110:120,0,0,0,99,0,0,none,0,0,0,0,0,0,0,0,0,0,0,0,0,0,0,0,0,0,0,0,0,0,0,0,0	//AG_MYSTERY_ILLUSION
5218,0,0,80:90:100:110:120,0,0,0,99,0,0,none,0,0,0,0,0,0,0,0,0,0,0,0,0,0,0,0,0,0,0,0,0,0,0,0,0	//AG_VIOLENT_QUAKE
5219,0,0,1,0,0,0,99,0,0,none,0,0,0,0,0,0,0,0,0,0,0,0,0,0,0,0,0,0,0,0,0,0,0,0,0	//AG_VIOLENT_QUAKE_ATK
5220,0,0,80:90:100:110:120,0,0,0,99,0,0,none,0,0,0,0,0,0,0,0,0,0,0,0,0,0,0,0,0,0,0,0,0,0,0,0,0	//AG_SOUL_VC_STRIKE
5221,0,0,35:45:55:65:75,0,0,0,99,0,0,none,0,0,0,0,0,0,0,0,0,0,0,0,0,0,0,0,0,0,0,0,0,0,0,0,0	//AG_STRANTUM_TREMOR
5222,0,0,80:90:100:110:120,0,0,0,99,0,0,none,0,0,0,0,0,0,0,0,0,0,0,0,0,0,0,0,0,0,0,0,0,0,0,0,0	//AG_ALL_BLOOM
5223,0,0,1,0,0,0,99,0,0,none,0,0,0,0,0,0,0,0,0,0,0,0,0,0,0,0,0,0,0,0,0,0,0,0,0	//AG_ALL_BLOOM_ATK
5224,0,0,1,0,0,0,99,0,0,none,0,0,0,0,0,0,0,0,0,0,0,0,0,0,0,0,0,0,0,0,0,0,0,0,0	//AG_ALL_BLOOM_ATK2
5225,0,0,80:90:100:110:120,0,0,0,99,0,0,none,0,0,0,0,0,0,0,0,0,0,0,0,0,0,0,0,0,0,0,0,0,0,0,0,0	//AG_CRYSTAL_IMPACT
5226,0,0,1,0,0,0,99,0,0,none,0,0,0,0,0,0,0,0,0,0,0,0,0,0,0,0,0,0,0,0,0,0,0,0,0	//AG_CRYSTAL_IMPACT_ATK
5227,0,0,45:55:65:75:85,0,0,0,99,0,0,none,0,0,0,0,0,0,0,0,0,0,0,0,0,0,0,0,0,0,0,0,0,0,0,0,0	//AG_TORNADO_STORM
//5228,0,0,1,0,0,0,99,0,0,none,0,0,0,0,0,0,0,0,0,0,0,0,0,0,0,0,0,0,0,0,0,0,0,0,0	//AG_TWOHANDSTAFF
5229,0,0,30:40:50:60:70,0,0,0,99,0,0,none,0,0,0,0,0,0,0,0,0,0,0,0,0,0,0,0,0,0,0,0,0,0,0,0,0	//AG_FLORAL_FLARE_ROAD
5230,0,0,150,0,0,0,99,0,0,none,0,0,0,0,0,0,0,0,0,0,0,0,0,0,0,0,0,0,0,0,0,0,0,150,0	//AG_ASTRAL_STRIKE
5231,0,0,1,0,0,0,99,0,0,none,0,0,0,0,0,0,0,0,0,0,0,0,0,0,0,0,0,0,0,0,0,0,0,0,0	//AG_ASTRAL_STRIKE_ATK
5232,0,0,60,0,0,0,99,0,0,none,0,0,0,0,0,0,0,0,0,0,0,0,0,0,0,0,0,0,0,0,0,0,0,200,0	//AG_CLIMAX
5233,0,0,65:70:75:80:85,0,0,0,99,0,0,none,0,0,0,0,0,0,0,0,0,0,0,0,0,0,0,0,0,0,0,0,0,0,0,0,0	//AG_ROCK_DOWN
5234,0,0,60:70:80:90:100,0,0,0,99,0,0,none,0,0,0,0,0,0,0,0,0,0,0,0,0,0,0,0,0,0,0,0,0,0,0,0,0	//AG_STORM_CANNON
5235,0,0,65:75:85:95:105,0,0,0,99,0,0,none,0,0,0,0,0,0,0,0,0,0,0,0,0,0,0,0,0,0,0,0,0,0,0,0,0	//AG_CRIMSON_ARROW
5236,0,0,1,0,0,0,99,0,0,none,0,0,0,0,0,0,0,0,0,0,0,0,0,0,0,0,0,0,0,0,0,0,0,0,0	//AG_CRIMSON_ARROW_ATK
5237,0,0,45:55:65:75:85,0,0,0,99,0,0,none,0,0,0,0,0,0,0,0,0,0,0,0,0,0,0,0,0,0,0,0,0,0,0,0,0	//AG_FROZEN_SLASH

// Inquisitor
5238,0,0,54:58:62:66:70,0,0,0,99,0,0,none,0,0,0,0,0,0,0,0,0,0,0,0,0,0,0,0,0,0,0,0,0,0,0,0,0	//IQ_POWERFUL_FAITH
5239,0,0,54:58:62:66:70,0,0,0,99,0,0,none,0,0,0,0,0,0,0,0,0,0,0,0,0,0,0,0,0,0,0,0,0,0,0,0,0	//IQ_FIRM_FAITH
//5240,0,0,1,0,0,0,99,0,0,none,0,0,0,0,0,0,0,0,0,0,0,0,0,0,0,0,0,0,0,0,0,0,0,0,0	//IQ_WILL_OF_FAITH
5241,0,0,30:40:50:60:70,0,0,0,99,0,0,none,0,0,523,1,0,0,0,0,0,0,0,0,0,0,0,0,0,0,0,0,0,0,0,0,0	//IQ_OLEUM_SANCTUM
5242,0,0,54:58:62:66:70,0,0,0,99,0,0,none,0,0,0,0,0,0,0,0,0,0,0,0,0,0,0,0,0,0,0,0,0,0,0,0,0	//IQ_SINCERE_FAITH
5243,0,0,100,0,0,0,99,0,0,none,0,0,0,0,0,0,0,0,0,0,0,0,0,0,0,0,0,0,0,0,0,0,0,150,0	//IQ_MASSIVE_F_BLASTER
5244,0,0,80:90:100:110:120,0,0,0,99,0,0,none,0,0,0,0,0,0,0,0,0,0,0,0,0,0,0,0,0,0,0,0,0,0,0,0,0	//IQ_EXPOSION_BLASTER
5245,0,0,22:29:36:43:50,0,0,0,99,0,0,none,0,0,0,0,0,0,0,0,0,0,0,0,0,0,0,0,0,0,0,0,0,0,0,0,0	//IQ_FIRST_BRAND
5246,0,0,60,0,0,0,99,0,0,none,0,0,0,0,0,0,0,0,0,0,0,0,0,0,0,0,0,0,0,0,0,0,0,0,0	//IQ_FIRST_FAITH_POWER
5247,0,0,60,0,0,0,99,0,0,none,SC_FIRST_FAITH_POWER,0,0,0,0,0,0,0,0,0,0,0,0,0,0,0,0,0,0,0,0,0,0,100,0	//IQ_JUDGE
5248,0,0,46:52:58:64:70,0,0,0,99,0,0,none,0,0,0,0,0,0,0,0,0,0,0,0,0,0,0,0,0,0,0,0,0,0,0,0,0	//IQ_SECOND_FLAME
5249,0,0,36:42:48:54:60,0,0,0,99,0,0,none,0,0,0,0,0,0,0,0,0,0,0,0,0,0,0,0,0,0,0,0,0,0,0,0,0	//IQ_SECOND_FAITH
5250,0,0,45:50:55:60:65,0,0,0,99,0,0,none,0,0,0,0,0,0,0,0,0,0,0,0,0,0,0,0,0,0,0,0,0,0,0,0,0	//IQ_SECOND_JUDGEMENT
5251,0,0,56:62:68:74:80,0,0,0,99,0,0,none,0,0,0,0,0,0,0,0,0,0,0,0,0,0,0,0,0,0,0,0,0,0,0,0,0	//IQ_THIRD_PUNISH
5252,0,0,74:78:82:86:90,0,0,0,99,0,0,none,0,0,0,0,0,0,0,0,0,0,0,0,0,0,0,0,0,0,0,0,0,0,0,0,0	//IQ_THIRD_FLAME_BOMB
5253,0,0,65:70:75:80:85,0,0,0,99,0,0,none,0,0,0,0,0,0,0,0,0,0,0,0,0,0,0,0,0,0,0,0,0,0,0,0,0	//IQ_THIRD_CONSECRATION
5254,0,0,60,0,0,0,99,0,0,none,SC_SECOND_JUDGE,0,0,0,0,0,0,0,0,0,0,0,0,0,0,0,0,0,0,0,0,0,0,150,0	//IQ_THIRD_EXOR_FLAME

// Imperial Guard
5255,0,0,50,0,0,0,99,0,0,shield,0,0,0,0,0,0,0,0,0,0,0,0,0,0,0,0,0,0,0,0,0,0,0,0,0	//IG_GUARD_STANCE
5256,0,0,60,0,0,0,99,0,0,none,SC_GUARD_STANCE,0,0,0,0,0,0,0,0,0,0,0,0,0,0,0,0,0,0,0,0,0,0,0,0	//IG_GUARDIAN_SHIELD
5257,0,0,60,0,0,0,99,0,0,none,SC_GUARD_STANCE,0,0,0,0,0,0,0,0,0,0,0,0,0,0,0,0,0,0,0,0,0,0,0,0	//IG_REBOUND_SHIELD
//5258,0,0,1,0,0,0,99,0,0,none,0,0,0,0,0,0,0,0,0,0,0,0,0,0,0,0,0,0,0,0,0,0,0,0,0	//IG_SHIELD_MASTERY
//5259,0,0,1,0,0,0,99,0,0,none,0,0,0,0,0,0,0,0,0,0,0,0,0,0,0,0,0,0,0,0,0,0,0,0,0	//IG_SPEAR_SWORD_M
5260,0,0,50,0,0,0,99,0,0,none,0,0,0,0,0,0,0,0,0,0,0,0,0,0,0,0,0,0,0,0,0,0,0,0,0	//IG_ATTACK_STANCE
5261,0,0,120,0,0,0,99,0,0,none,SC_GUARD_STANCE,0,0,0,0,0,0,0,0,0,0,0,0,0,0,0,0,0,0,0,0,0,0,0,0	//IG_ULTIMATE_SACRIFICE
5262,0,0,60,0,0,0,99,0,0,shield,0,0,0,0,0,0,0,0,0,0,0,0,0,0,0,0,0,0,0,0,0,0,0,0,0	//IG_HOLY_SHIELD
5263,0,0,41:44:47:50:53:56:59:62:65:68,0,0,0,4:5,0,0,none,SC_ATTACK_STANCE,0,0,0,0,0,0,0,0,0,0,0,0,0,0,0,0,0,0,0,0,0,0,150,0	//IG_GRAND_JUDGEMENT
5264,0,0,150,0,0,0,99,0,0,none,0,0,0,0,0,0,0,0,0,0,0,0,0,0,0,0,0,0,0,0,0,0,0,150,0	//IG_JUDGEMENT_CROSS
5265,0,0,40:45:50:55:60,0,0,0,99,0,0,shield,SC_ATTACK_STANCE,0,0,0,0,0,0,0,0,0,0,0,0,0,0,0,0,0,0,0,0,0,0,0,0	//IG_SHIELD_SHOOTING
5266,0,0,41:44:47:50:53:56:59:62:65:68,0,0,0,99,0,0,none,SC_ATTACK_STANCE,0,0,0,0,0,0,0,0,0,0,0,0,0,0,0,0,0,0,0,0,0,0,0,0	//IG_OVERSLASH
5267,0,0,50:54:58:62:66:70:74:78:82:86,0,0,0,99,0,0,none,0,0,0,0,0,0,0,0,0,0,0,0,0,0,0,0,0,0,0,0,0,0,0,0,0	//IG_CROSS_RAIN

// Cardinal
5268,0,0,120,0,0,0,99,0,0,none,0,0,0,0,0,0,0,0,0,0,0,0,0,0,0,0,0,0,0,0,0,0,0,0,0	//CD_REPARATIO
5269,0,0,30:40:50:60:70,0,0,0,99,0,0,none,0,0,0,0,0,0,0,0,0,0,0,0,0,0,0,0,0,0,0,0,0,0,0,0,0	//CD_MEDIALE_VOTUM
//5270,0,0,1,0,0,0,99,0,0,none,0,0,0,0,0,0,0,0,0,0,0,0,0,0,0,0,0,0,0,0,0,0,0,0,0	//CD_MACE_BOOK_M
5271,0,0,30:45:60:75:90,0,0,0,99,0,0,none,0,0,0,0,0,0,0,0,0,0,0,0,0,0,0,0,0,0,0,0,0,0,0,0,0	//CD_ARGUTUS_VITA
5272,0,0,30:45:60:75:90,0,0,0,99,0,0,none,0,0,0,0,0,0,0,0,0,0,0,0,0,0,0,0,0,0,0,0,0,0,0,0,0	//CD_ARGUTUS_TELUM
5273,0,0,50:60:70:80:90:100:110:120:130:140,0,0,0,99,0,0,none,0,0,0,0,0,0,0,0,0,0,0,0,0,0,0,0,0,0,0,0,0,0,0,0,0	//CD_ARBITRIUM
5274,0,0,1,0,0,0,99,0,0,none,0,0,0,0,0,0,0,0,0,0,0,0,0,0,0,0,0,0,0,0,0,0,0,0,0	//CD_ARBITRIUM_ATK
5275,0,0,30:45:60:75:90,0,0,0,99,0,0,none,0,0,0,0,0,0,0,0,0,0,0,0,0,0,0,0,0,0,0,0,0,0,0,0,0	//CD_PRESENS_ACIES
//5276,0,0,1,0,0,0,99,0,0,none,0,0,0,0,0,0,0,0,0,0,0,0,0,0,0,0,0,0,0,0,0,0,0,0,0	//CD_FIDUS_ANIMUS
5277,0,0,60,0,0,0,8:9:15,0,0,none,0,0,0,0,0,0,0,0,0,0,0,0,0,0,0,0,0,0,0,0,0,0,0,100,0	//CD_EFFLIGO
5278,0,0,60,0,0,0,99,0,0,none,0,0,0,0,0,0,0,0,0,0,0,0,0,0,0,0,0,0,0,0,0,0,0,200,0	//CD_COMPETENTIA
5279,0,0,150,0,0,0,99,0,0,none,0,0,0,0,0,0,0,0,0,0,0,0,0,0,0,0,0,0,0,0,0,0,0,150,0	//CD_PNEUMATICUS_PROCELLA
5280,0,0,50:55:60:65:70,0,0,0,99,0,0,none,0,0,0,0,0,0,0,0,0,0,0,0,0,0,0,0,0,0,0,0,0,0,0,0,0	//CD_DILECTIO_HEAL
5281,0,0,70:75:80:85:90,0,0,0,99,0,0,none,0,0,0,0,0,0,0,0,0,0,0,0,0,0,0,0,0,0,0,0,0,0,0,0,0	//CD_RELIGIO
5282,0,0,70:75:80:85:90,0,0,0,99,0,0,none,0,0,0,0,0,0,0,0,0,0,0,0,0,0,0,0,0,0,0,0,0,0,0,0,0	//CD_BENEDICTUM
5283,0,0,32:34:36:38:40:42:44:46:48:50,0,0,0,8:9:15,0,0,none,0,0,0,0,0,0,0,0,0,0,0,0,0,0,0,0,0,0,0,0,0,0,0,0,0	//CD_PETITIO
5284,0,0,40:45:50:55:60,0,0,0,99,0,0,none,0,0,0,0,0,0,0,0,0,0,0,0,0,0,0,0,0,0,0,0,0,0,0,0,0	//CD_FRAMEN

// Shadow Cross
5285,0,0,100,0,0,0,99,0,0,none,0,0,0,0,0,0,0,0,0,0,0,0,0,0,0,0,0,0,0,0,0,0,0,150,0	//SHC_SHADOW_EXCEED
5286,0,0,40:45:50:55:60,0,0,0,1,0,0,none,0,0,0,0,0,0,0,0,0,0,0,0,0,0,0,0,0,0,0,0,0,0,0,0,0	//SHC_DANCING_KNIFE
5287,0,0,28:31:34:37:40:43:46:49:52:55,0,0,0,16,0,0,hidden,0,0,0,0,0,0,0,0,0,0,0,0,0,0,0,0,0,0,0,0,0,0,0,0,0	//SHC_SAVAGE_IMPACT
//5288,0,0,1,0,0,0,99,0,0,none,0,0,0,0,0,0,0,0,0,0,0,0,0,0,0,0,0,0,0,0,0,0,0,0,0	//SHC_SHADOW_SENSE
5289,0,0,40,0,0,0,99,0,0,none,SC_WEAPONBLOCK_ON,0,0,0,0,0,0,0,0,0,0,0,0,0,0,0,0,0,0,0,0,0,0,0,0	//SHC_ETERNAL_SLASH
5290,0,0,15:20:25:30:35:40:45:50:55:60,0,0,0,99,0,0,none,SC_EDP,0,0,0,0,0,0,0,0,0,0,0,0,0,0,0,0,0,0,0,0,0,0,0,0	//SHC_POTENT_VENOM
5291,0,0,45:50:55:60:65,0,0,0,1,0,0,none,0,0,0,0,0,0,0,0,0,0,0,0,0,0,0,0,0,0,0,0,0,0,0,0,0	//SHC_SHADOW_STAB
5292,0,0,43:46:49:52:55,0,0,0,16,0,0,none,SC_ROLLINGCUTTER,0,0,0,0,0,0,0,0,0,0,0,0,0,0,0,0,0,0,0,0,0,0,0,0	//SHC_IMPACT_CRATER
5293,0,0,30:40:50:60:70,0,0,0,99,0,0,none,0,0,0,0,0,0,0,0,0,0,0,0,0,0,0,0,0,0,0,0,0,0,0,0,0	//SHC_ENCHANTING_SHADOW
5294,0,0,150,0,0,0,99,0,0,none,0,0,0,0,0,0,0,0,0,0,0,0,0,0,0,0,0,0,0,0,0,0,0,150,0	//SHC_FATAL_SHADOW_CROW

// Meister
5295,0,0,25:30:35:40:45,0,0,0,6:7,0,0,none,0,0,0,0,0,0,0,0,0,0,0,0,0,0,0,0,0,0,0,0,0,0,0,0,0	//MT_AXE_STOMP
5296,0,0,150,0,0,0,99,0,0,none,0,0,0,0,0,0,0,0,0,0,0,0,0,0,0,0,0,0,0,0,0,0,0,150,0	//MT_RUSH_QUAKE
5297,0,0,30:40:50:60:70,0,0,0,99,0,0,none,0,0,1000352,0,0,0,0,0,0,0,0,0,0,0,0,0,0,0,0,0,0,0,0,0,0	//MT_M_MACHINE
5298,0,0,43:46:49:52:55,0,0,0,99,0,0,none,0,0,1000289,1,0,0,0,0,0,0,0,0,0,0,0,0,0,0,0,0,0,0,0,0,0	//MT_A_MACHINE
5299,0,0,43:46:49:52:55,0,0,0,99,0,0,none,0,0,1000289,1,0,0,0,0,0,0,0,0,0,0,0,0,0,0,0,0,0,0,0,0,0	//MT_D_MACHINE
//5300,0,0,1,0,0,0,99,0,0,none,0,0,0,0,0,0,0,0,0,0,0,0,0,0,0,0,0,0,0,0,0,0,0,0,0	//MT_TWOAXEDEF
//5301,0,0,1,0,0,0,99,0,0,none,0,0,0,0,0,0,0,0,0,0,0,0,0,0,0,0,0,0,0,0,0,0,0,0,0	//MT_ABR_M
5302,0,0,30:40:50:60,0,0,0,99,0,0,none,0,0,1000290,1,0,0,0,0,0,0,0,0,0,0,0,0,0,0,0,0,0,0,0,0,0	//MT_SUMMON_ABR_BATTLE_WARIOR
5303,0,0,30:40:50:60,0,0,0,99,0,0,none,0,0,1000290,1,0,0,0,0,0,0,0,0,0,0,0,0,0,0,0,0,0,0,0,0,0	//MT_SUMMON_ABR_DUAL_CANNON
5304,0,0,30:40:50:60,0,0,0,99,0,0,none,0,0,1000290,1,0,0,0,0,0,0,0,0,0,0,0,0,0,0,0,0,0,0,0,0,0	//MT_SUMMON_ABR_MOTHER_NET
5305,0,0,30:40:50:60,0,0,0,99,0,0,none,0,0,1000290,5,0,0,0,0,0,0,0,0,0,0,0,0,0,0,0,0,0,0,0,200,0	//MT_SUMMON_ABR_INFINITY

// Extra 4th Job Skills 1
5306,0,0,1,0,0,0,99,0,0,none,0,0,0,0,0,0,0,0,0,0,0,0,0,0,0,0,0,0,0,0,0,0,0,0,0	//AG_DESTRUCTIVE_HURRICANE_CLIMAX
5307,0,0,1,0,0,0,99,0,0,none,0,0,0,0,0,0,0,0,0,0,0,0,0,0,0,0,0,0,0,0,0,0,0,0,0	//BO_ACIDIFIED_ZONE_WATER_ATK
5308,0,0,1,0,0,0,99,0,0,none,0,0,0,0,0,0,0,0,0,0,0,0,0,0,0,0,0,0,0,0,0,0,0,0,0	//BO_ACIDIFIED_ZONE_GROUND_ATK
5309,0,0,1,0,0,0,99,0,0,none,0,0,0,0,0,0,0,0,0,0,0,0,0,0,0,0,0,0,0,0,0,0,0,0,0	//BO_ACIDIFIED_ZONE_WIND_ATK
5310,0,0,1,0,0,0,99,0,0,none,0,0,0,0,0,0,0,0,0,0,0,0,0,0,0,0,0,0,0,0,0,0,0,0,0	//BO_ACIDIFIED_ZONE_FIRE_ATK

// Abyss Chaser
//5311,0,0,1,0,0,0,99,0,0,none,0,0,0,0,0,0,0,0,0,0,0,0,0,0,0,0,0,0,0,0,0,0,0,0,0	//ABC_DAGGER_AND_BOW_M
//5312,0,0,1,0,0,0,99,0,0,none,0,0,0,0,0,0,0,0,0,0,0,0,0,0,0,0,0,0,0,0,0,0,0,0,0	//ABC_MAGIC_SWORD_M
5313,0,0,29:33:37:41:45,0,0,0,99,0,0,none,0,0,0,0,0,0,0,0,0,0,0,0,0,0,0,0,0,0,0,0,0,0,0,0,0	//ABC_STRIP_SHADOW
5314,0,0,40:45:50:55:60,0,0,0,1:2,0,0,none,0,0,0,0,0,0,0,0,0,0,0,0,0,0,0,0,0,0,0,0,0,0,0,0,0	//ABC_ABYSS_DAGGER
5315,0,0,30:35:40:45:50,0,0,0,99,0,0,none,0,0,0,0,0,0,0,0,0,0,0,0,0,0,0,0,0,0,0,0,0,0,0,0,0	//ABC_UNLUCKY_RUSH
5316,0,0,40:50:60:70:80,0,0,0,11,1,7,none,0,0,0,0,0,0,0,0,0,0,0,0,0,0,0,0,0,0,0,0,0,0,0,0,0	//ABC_CHAIN_REACTION_SHOT
5317,0,0,40:50:60:70:80,0,0,0,99,0,0,none,0,0,0,0,0,0,0,0,0,0,0,0,0,0,0,0,0,0,0,0,0,0,0,0,0	//ABC_FROM_THE_ABYSS
5318,0,0,100,0,0,0,99,0,0,none,0,0,0,0,0,0,0,0,0,0,0,0,0,0,0,0,0,0,0,0,0,0,0,150,0	//ABC_ABYSS_SLAYER
5319,0,0,150,0,0,0,99,0,0,none,0,0,0,0,0,0,0,0,0,0,0,0,0,0,0,0,0,0,0,0,0,0,0,150,0	//ABC_ABYSS_STRIKE
5320,0,0,28:31:34:37:40:43:46:49:52:55,0,0,0,99,0,0,none,0,0,0,0,0,0,0,0,0,0,0,0,0,0,0,0,0,0,0,0,0,0,0,0,0	//ABC_DEFT_STAB
5321,0,0,65:75:85:95:105,0,0,0,99,0,0,none,0,0,0,0,0,0,0,0,0,0,0,0,0,0,0,0,0,0,0,0,0,0,0,0,0	//ABC_ABYSS_SQUARE
5322,0,0,40:45:50:55:60:65:70:75:80:85,0,0,0,11,1,10,none,0,0,0,0,0,0,0,0,0,0,0,0,0,0,0,0,0,0,0,0,0,0,0,0,0	//ABC_FRENZY_SHOT

// Windhawk
//5323,0,0,1,0,0,0,99,0,0,none,0,0,0,0,0,0,0,0,0,0,0,0,0,0,0,0,0,0,0,0,0,0,0,0,0	//WH_ADVANCED_TRAP
5324,0,0,100:90:80:70:60,0,0,0,99,0,0,none,0,0,0,0,0,0,0,0,0,0,0,0,0,0,0,0,0,0,0,0,0,0,0,0,0	//WH_WIND_SIGN
//5325,0,0,1,0,0,0,99,0,0,none,0,0,0,0,0,0,0,0,0,0,0,0,0,0,0,0,0,0,0,0,0,0,0,0,0	//WH_NATUREFRIENDLY
5326,0,0,40:44:48:52:56,0,0,0,11,0,0,falcon,0,0,0,0,0,0,0,0,0,0,0,0,0,0,0,0,0,0,0,0,0,0,0,0,0	//WH_HAWKRUSH
5327,0,0,5,0,0,0,99,0,0,none,0,0,1000311,0,0,0,0,0,0,0,0,0,0,0,0,0,0,0,0,0,0,0,0,0,0	//WH_HAWK_M
5328,0,0,300,0,0,0,99,0,0,none,0,0,0,0,0,0,0,0,0,0,0,0,0,0,0,0,0,0,0,0,0,0,0,200,0	//WH_CALAMITYGALE
5329,0,0,120,0,0,0,11,0,0,falcon,0,0,0,0,0,0,0,0,0,0,0,0,0,0,0,0,0,0,0,0,0,0,0,50,0	//WH_HAWKBOOMERANG
5330,0,0,80:91:102:113:124:135:146:157:168:179,0,0,0,11,1,5,none,0,0,0,0,0,0,0,0,0,0,0,0,0,0,0,0,0,0,0,0,0,0,0,0,0	//WH_GALESTORM
5331,0,0,50:53:56:59:62,0,0,0,99,0,0,none,0,0,7940,2,0,0,0,0,0,0,0,0,0,0,0,0,0,0,0,0,0,0,0,0,0	//WH_DEEPBLINDTRAP
5332,0,0,70:80:90:100:110,0,0,0,99,0,0,none,0,0,7940,2,0,0,0,0,0,0,0,0,0,0,0,0,0,0,0,0,0,0,0,0,0	//WH_SOLIDTRAP
5333,0,0,60:62:64:66:68,0,0,0,99,0,0,none,0,0,7940,2,0,0,0,0,0,0,0,0,0,0,0,0,0,0,0,0,0,0,0,0,0	//WH_SWIFTTRAP
5334,0,0,55:60:65:70:75:80:85:90:95:100,0,0,0,11,1,1,none,0,0,0,0,0,0,0,0,0,0,0,0,0,0,0,0,0,0,0,0,0,0,0,0,0	//WH_CRESCIVE_BOLT
5335,0,0,40:44:48:52:56,0,0,0,99,0,0,none,0,0,7940,2,0,0,0,0,0,0,0,0,0,0,0,0,0,0,0,0,0,0,0,0,0	//WH_FLAMETRAP

// Biolo
5336,0,0,30,0,0,0,99,0,0,none,0,0,0,0,0,0,0,0,0,0,0,0,0,0,0,0,0,0,0,0,0,0,0,0,0	//BO_BIONIC_PHARMACY
//5337,0,0,1,0,0,0,99,0,0,none,0,0,0,0,0,0,0,0,0,0,0,0,0,0,0,0,0,0,0,0,0,0,0,0,0	//BO_BIONICS_M
5338,0,0,220:260:300:340:380,0,0,0,99,0,0,none,0,0,1000280,3,0,0,0,0,0,0,0,0,0,0,0,0,0,0,0,0,0,0,0,0,0	//BO_THE_WHOLE_PROTECTION
5339,0,0,120:130:140:150,0,0,0,99,0,0,none,0,0,1000280,1,0,0,0,0,0,0,0,0,0,0,0,0,0,0,0,0,0,0,0,0,0	//BO_ADVANCE_PROTECTION
5340,0,0,40:52:64:76:88,0,0,0,99,0,0,none,0,0,1000279,2,0,0,0,0,0,0,0,0,0,0,0,0,0,0,0,0,0,0,0,0,0	//BO_ACIDIFIED_ZONE_WATER
5341,0,0,40:52:64:76:88,0,0,0,99,0,0,none,0,0,1000277,2,0,0,0,0,0,0,0,0,0,0,0,0,0,0,0,0,0,0,0,0,0	//BO_ACIDIFIED_ZONE_GROUND
5342,0,0,40:52:64:76:88,0,0,0,99,0,0,none,0,0,1000278,2,0,0,0,0,0,0,0,0,0,0,0,0,0,0,0,0,0,0,0,0,0	//BO_ACIDIFIED_ZONE_WIND
5343,0,0,40:52:64:76:88,0,0,0,99,0,0,none,0,0,1000276,2,0,0,0,0,0,0,0,0,0,0,0,0,0,0,0,0,0,0,0,0,0	//BO_ACIDIFIED_ZONE_FIRE
5344,0,0,100:120:140:160:180,0,0,0,99,0,0,none,0,0,1000281,2,0,0,0,0,0,0,0,0,0,0,0,0,0,0,0,0,0,0,0,0,0	//BO_WOODENWARRIOR
5345,0,0,120:155:180:205:230,0,0,0,99,0,0,none,0,0,1000281,2,0,0,0,0,0,0,0,0,0,0,0,0,0,0,0,0,0,0,0,0,0	//BO_WOODEN_FAIRY
5346,0,0,80:96:112:128:144,0,0,0,99,0,0,none,0,0,1000281,1,0,0,0,0,0,0,0,0,0,0,0,0,0,0,0,0,0,0,0,0,0	//BO_CREEPER
5347,0,0,60,0,0,0,99,0,0,none,0,0,0,0,0,0,0,0,0,0,0,0,0,0,0,0,0,0,0,0,0,0,0,100,0	//BO_RESEARCHREPORT
5348,0,0,100,0,0,0,99,0,0,none,0,0,1000281,3,0,0,0,0,0,0,0,0,0,0,0,0,0,0,0,0,0,0,0,100,0	//BO_HELLTREE

// Troubadour/Trouvere
//5349,0,0,1,0,0,0,99,0,0,none,0,0,0,0,0,0,0,0,0,0,0,0,0,0,0,0,0,0,0,0,0,0,0,0,0	//TR_STAGE_MANNER
5350,0,0,1,0,0,0,99,0,0,none,0,0,0,0,0,0,0,0,0,0,0,0,0,0,0,0,0,0,0,0,0,0,0,0,0	//TR_RETROSPECTION
5351,0,0,250,0,0,0,11:13:14,0,0,none,0,0,0,0,0,0,0,0,0,0,0,0,0,0,0,0,0,0,0,0,0,0,0,100,0	//TR_MYSTIC_SYMPHONY
5352,0,0,300,0,0,0,11:13:14,0,0,none,0,0,0,0,0,0,0,0,0,0,0,0,0,0,0,0,0,0,0,0,0,0,0,100,0	//TR_KVASIR_SONATA
5353,0,0,215:230:245:260:275,0,0,0,11:13:14,1,1,none,0,0,0,0,0,0,0,0,0,0,0,0,0,0,0,0,0,0,0,0,0,0,0,0,0	//TR_ROSEBLOSSOM
5354,0,0,1,0,0,0,99,0,0,none,0,0,0,0,0,0,0,0,0,0,0,0,0,0,0,0,0,0,0,0,0,0,0,0,0	//TR_ROSEBLOSSOM_ATK
5355,0,0,80:92:104:116:128,0,0,0,11:13:14,1,1,none,0,0,0,0,0,0,0,0,0,0,0,0,0,0,0,0,0,0,0,0,0,0,0,0,0	//TR_RHYTHMSHOOTING
5356,0,0,120:132:144:156:168,0,0,0,13:14,1,1,none,0,0,0,0,0,0,0,0,0,0,0,0,0,0,0,0,0,0,0,0,0,0,0,0,0	//TR_METALIC_FURY
5357,0,0,80:92:104:116:128,0,0,0,13:14,0,0,none,0,0,0,0,0,0,0,0,0,0,0,0,0,0,0,0,0,0,0,0,0,0,0,0,0	//TR_SOUNDBLEND
5358,0,0,120:160:200:240:280,0,0,0,13:14,0,0,none,0,0,11513,1,0,0,0,0,0,0,0,0,0,0,0,0,0,0,0,0,0,0,0,0,0	//TR_GEF_NOCTURN
5359,0,0,120:160:200:240:280,0,0,0,13:14,0,0,none,0,0,11513,1,0,0,0,0,0,0,0,0,0,0,0,0,0,0,0,0,0,0,0,0,0	//TR_ROKI_CAPRICCIO
5360,0,0,120:160:200:240:280,0,0,0,13:14,0,0,none,0,0,11513,1,0,0,0,0,0,0,0,0,0,0,0,0,0,0,0,0,0,0,0,0,0	//TR_AIN_RHAPSODY
5361,0,0,171:182:193:204:215,0,0,0,13:14,0,0,none,0,0,11513,1,0,0,0,0,0,0,0,0,0,0,0,0,0,0,0,0,0,0,0,0,0	//TR_MUSICAL_INTERLUDE
5362,0,0,140:150:160:170:180,0,0,0,13:14,0,0,none,0,0,11513,1,0,0,0,0,0,0,0,0,0,0,0,0,0,0,0,0,0,0,0,0,0	//TR_JAWAII_SERENADE
5363,0,0,120:160:200:240:280,0,0,0,13:14,0,0,none,0,0,11513,1,0,0,0,0,0,0,0,0,0,0,0,0,0,0,0,0,0,0,0,0,0	//TR_NIPELHEIM_REQUIEM
5364,0,0,140:150:160:170:180,0,0,0,13:14,0,0,none,0,0,11513,1,0,0,0,0,0,0,0,0,0,0,0,0,0,0,0,0,0,0,0,0,0	//TR_PRON_MARCH

// Elemental Master
//5365,0,0,1,0,0,0,99,0,0,none,0,0,0,0,0,0,0,0,0,0,0,0,0,0,0,0,0,0,0,0,0,0,0,0,0	//EM_MAGIC_BOOK_M
5366,0,0,43:46:49:52:55,0,0,0,99,0,0,none,0,0,0,0,0,0,0,0,0,0,0,0,0,0,0,0,0,0,0,0,0,0,0,0,0	//EM_SPELL_ENCHANTING
5367,0,0,30:40:50:60:70,0,0,0,99,0,0,none,0,0,0,0,0,0,0,0,0,0,0,0,0,0,0,0,0,0,0,0,0,0,0,0,0	//EM_ACTIVITY_BURN
5368,0,0,30:40:50:60:70,0,0,0,99,0,0,none,0,0,0,0,0,0,0,0,0,0,0,0,0,0,0,0,0,0,0,0,0,0,0,50,0	//EM_INCREASING_ACTIVITY
5369,0,0,84:88:92:96:100,0,0,0,99,0,0,none,0,0,0,0,0,0,0,0,0,0,0,0,0,0,0,0,0,0,0,0,0,0,0,0,0	//EM_DIAMOND_STORM
5370,0,0,65:70:80:85:95,0,0,0,99,0,0,none,0,0,0,0,0,0,0,0,0,0,0,0,0,0,0,0,0,0,0,0,0,0,0,0,0	//EM_LIGHTNING_LAND
5371,0,0,84:88:92:96:100,0,0,0,99,0,0,none,0,0,0,0,0,0,0,0,0,0,0,0,0,0,0,0,0,0,0,0,0,0,0,0,0	//EM_VENOM_SWAMP
5372,0,0,70:80:90:100:110,0,0,0,99,0,0,none,0,0,0,0,0,0,0,0,0,0,0,0,0,0,0,0,0,0,0,0,0,0,0,0,0	//EM_CONFLAGRATION
5373,0,0,84:88:92:96:100,0,0,0,99,0,0,none,0,0,0,0,0,0,0,0,0,0,0,0,0,0,0,0,0,0,0,0,0,0,0,0,0	//EM_TERRA_DRIVE
//5374,0,0,1,0,0,0,99,0,0,none,0,0,0,0,0,0,0,0,0,0,0,0,0,0,0,0,0,0,0,0,0,0,0,0,0	//EM_ELEMENTAL_SPIRIT_M
5375,0,0,100,0,0,0,99,0,0,none,0,0,1000293,1,0,0,0,0,0,0,0,0,0,0,0,0,0,0,0,0,0,0,0,0,0	//EM_SUMMON_ELEMENTAL_ARDOR
5376,0,0,100,0,0,0,99,0,0,none,0,0,1000295,1,0,0,0,0,0,0,0,0,0,0,0,0,0,0,0,0,0,0,0,0,0	//EM_SUMMON_ELEMENTAL_DILUVIO
5377,0,0,100,0,0,0,99,0,0,none,0,0,1000291,1,0,0,0,0,0,0,0,0,0,0,0,0,0,0,0,0,0,0,0,0,0	//EM_SUMMON_ELEMENTAL_PROCELLA
5378,0,0,100,0,0,0,99,0,0,none,0,0,1000292,1,0,0,0,0,0,0,0,0,0,0,0,0,0,0,0,0,0,0,0,0,0	//EM_SUMMON_ELEMENTAL_TERREMOTUS
5379,0,0,100,0,0,0,99,0,0,none,0,0,1000294,1,0,0,0,0,0,0,0,0,0,0,0,0,0,0,0,0,0,0,0,0,0	//EM_SUMMON_ELEMENTAL_SERPENS
5380,0,0,150,0,0,0,99,0,0,none,0,0,0,0,0,0,0,0,0,0,0,0,0,0,0,0,0,0,0,0,0,0,0,150,0	//EM_ELEMENTAL_BUSTER
5381,0,0,70:75:80:85:90,0,0,0,99,0,0,none,0,0,0,0,0,0,0,0,0,0,0,0,0,0,0,0,0,0,0,0,0,0,0,0,0	//EM_ELEMENTAL_VEIL

// Extra 4th Job Skills 2
5382,0,0,1,0,0,0,99,0,0,none,0,0,0,0,0,0,0,0,0,0,0,0,0,0,0,0,0,0,0,0,0,0,0,0,0	//ABC_CHAIN_REACTION_SHOT_ATK
5383,0,0,1,0,0,0,99,0,0,none,0,0,0,0,0,0,0,0,0,0,0,0,0,0,0,0,0,0,0,0,0,0,0,0,0	//ABC_FROM_THE_ABYSS_ATK
5384,0,0,1,0,0,0,99,0,0,none,0,0,0,0,0,0,0,0,0,0,0,0,0,0,0,0,0,0,0,0,0,0,0,0,0	//BO_WOODEN_THROWROCK
5385,0,0,1,0,0,0,99,0,0,none,0,0,0,0,0,0,0,0,0,0,0,0,0,0,0,0,0,0,0,0,0,0,0,0,0	//BO_WOODEN_ATTACK
5386,0,0,1,0,0,0,99,0,0,none,0,0,0,0,0,0,0,0,0,0,0,0,0,0,0,0,0,0,0,0,0,0,0,0,0	//BO_HELL_HOWLING
5387,0,0,1,0,0,0,99,0,0,none,0,0,0,0,0,0,0,0,0,0,0,0,0,0,0,0,0,0,0,0,0,0,0,0,0	//BO_HELL_DUSTY
5388,0,0,1,0,0,0,99,0,0,none,0,0,0,0,0,0,0,0,0,0,0,0,0,0,0,0,0,0,0,0,0,0,0,0,0	//BO_FAIRY_DUSTY
5389,0,0,1,0,0,0,99,0,0,none,0,0,0,0,0,0,0,0,0,0,0,0,0,0,0,0,0,0,0,0,0,0,0,0,0	//EM_ELEMENTAL_BUSTER_FIRE
5390,0,0,1,0,0,0,99,0,0,none,0,0,0,0,0,0,0,0,0,0,0,0,0,0,0,0,0,0,0,0,0,0,0,0,0	//EM_ELEMENTAL_BUSTER_WATER
5391,0,0,1,0,0,0,99,0,0,none,0,0,0,0,0,0,0,0,0,0,0,0,0,0,0,0,0,0,0,0,0,0,0,0,0	//EM_ELEMENTAL_BUSTER_WIND
5392,0,0,1,0,0,0,99,0,0,none,0,0,0,0,0,0,0,0,0,0,0,0,0,0,0,0,0,0,0,0,0,0,0,0,0	//EM_ELEMENTAL_BUSTER_GROUND
5393,0,0,1,0,0,0,99,0,0,none,0,0,0,0,0,0,0,0,0,0,0,0,0,0,0,0,0,0,0,0,0,0,0,0,0	//EM_ELEMENTAL_BUSTER_POISON

// Super Elemental
8443,0,0,1,0,0,0,99,0,0,none,0,0,0,0,0,0,0,0,0,0,0,0,0,0,0,0,0,0,0,0,0,0,0,0,0	//EM_EL_FLAMETECHNIC
8444,0,0,1,0,0,0,99,0,0,none,0,0,0,0,0,0,0,0,0,0,0,0,0,0,0,0,0,0,0,0,0,0,0,0,0	//EM_EL_FLAMEARMOR
8445,0,0,1,0,0,0,99,0,0,none,0,0,0,0,0,0,0,0,0,0,0,0,0,0,0,0,0,0,0,0,0,0,0,0,0	//EM_EL_FLAMEROCK
8446,0,0,1,0,0,0,99,0,0,none,0,0,0,0,0,0,0,0,0,0,0,0,0,0,0,0,0,0,0,0,0,0,0,0,0	//EM_EL_COLD_FORCE
8447,0,0,1,0,0,0,99,0,0,none,0,0,0,0,0,0,0,0,0,0,0,0,0,0,0,0,0,0,0,0,0,0,0,0,0	//EM_EL_CRYSTAL_ARMOR
8448,0,0,1,0,0,0,99,0,0,none,0,0,0,0,0,0,0,0,0,0,0,0,0,0,0,0,0,0,0,0,0,0,0,0,0	//EM_EL_AGE_OF_ICE
8449,0,0,1,0,0,0,99,0,0,none,0,0,0,0,0,0,0,0,0,0,0,0,0,0,0,0,0,0,0,0,0,0,0,0,0	//EM_EL_GRACE_BREEZE
8450,0,0,1,0,0,0,99,0,0,none,0,0,0,0,0,0,0,0,0,0,0,0,0,0,0,0,0,0,0,0,0,0,0,0,0	//EM_EL_EYES_OF_STORM
8451,0,0,1,0,0,0,99,0,0,none,0,0,0,0,0,0,0,0,0,0,0,0,0,0,0,0,0,0,0,0,0,0,0,0,0	//EM_EL_STORM_WIND
8452,0,0,1,0,0,0,99,0,0,none,0,0,0,0,0,0,0,0,0,0,0,0,0,0,0,0,0,0,0,0,0,0,0,0,0	//EM_EL_EARTH_CARE
8453,0,0,1,0,0,0,99,0,0,none,0,0,0,0,0,0,0,0,0,0,0,0,0,0,0,0,0,0,0,0,0,0,0,0,0	//EM_EL_STRONG_PROTECTION
8454,0,0,1,0,0,0,99,0,0,none,0,0,0,0,0,0,0,0,0,0,0,0,0,0,0,0,0,0,0,0,0,0,0,0,0	//EM_EL_AVALANCHE
8455,0,0,1,0,0,0,99,0,0,none,0,0,0,0,0,0,0,0,0,0,0,0,0,0,0,0,0,0,0,0,0,0,0,0,0	//EM_EL_DEEP_POISONING
8456,0,0,1,0,0,0,99,0,0,none,0,0,0,0,0,0,0,0,0,0,0,0,0,0,0,0,0,0,0,0,0,0,0,0,0	//EM_EL_POISON_SHIELD
8457,0,0,1,0,0,0,99,0,0,none,0,0,0,0,0,0,0,0,0,0,0,0,0,0,0,0,0,0,0,0,0,0,0,0,0	//EM_EL_DEADLY_POISON

// ABR (Automated Battle Robot)
8601,0,0,1,0,0,0,99,0,0,none,0,0,0,0,0,0,0,0,0,0,0,0,0,0,0,0,0,0,0,0,0,0,0,0,0	//ABR_BATTLE_BUSTER
8602,0,0,1,0,0,0,99,0,0,none,0,0,0,0,0,0,0,0,0,0,0,0,0,0,0,0,0,0,0,0,0,0,0,0,0	//ABR_DUAL_CANNON_FIRE
8603,0,0,1,0,0,0,99,0,0,none,0,0,0,0,0,0,0,0,0,0,0,0,0,0,0,0,0,0,0,0,0,0,0,0,0	//ABR_NET_REPAIR
8604,0,0,1,0,0,0,99,0,0,none,0,0,0,0,0,0,0,0,0,0,0,0,0,0,0,0,0,0,0,0,0,0,0,0,0	//ABR_NET_SUPPORT
8605,0,0,1,0,0,0,99,0,0,none,0,0,0,0,0,0,0,0,0,0,0,0,0,0,0,0,0,0,0,0,0,0,0,0,0	//ABR_INFINITY_BUSTER
